Name	CoL ID	E_Rj (J/cm^3)	F_m (l/d.cm^2)	kap_X (-)	s_G (-)	h_a (1/d^2)	kap_P (-)	kap_R (-)	kap_V (-)	p_M (J/d.cm^3)	k_E (1/d)	E_G (J/cm^3)	p_T (J/d.cm^2)	s_j (-)	t_sj (d)	E_Hj (J)	E_He (J)	E_Hb (J)	k_J (1/d)	E_Hx (J)	E_Hp (J)	E_Hs (J)	p_Am (J/d.cm^2)	kap (-)	v (cm/d)	t_0 (d)
Acanthocyclops robustus	d63a685097756b1c2cf45229db57cac0		6.5	0.8	0.0001	1.685e-05	0.1	0.95		1391.0		4400.0	0.0					6.086e-05	0.002		0.0123		18.7654	0.9199	0.01191	
Acanthopagrus berda	743fc93b06d76f028c95835e6bd733e0		6.5	0.8	0.0001	2.899e-11	0.1	0.95		12.99		5226.0	0.0			559.3		0.01002	0.002		13440.0		5.32727	0.95	0.08507	
Achatina achatina	8dbb31a2c43f4fdceea9d8c5d3fcacce		6.5	0.8	0.0001	4.428e-10	0.1	0.475		17.5078		3925.92	0.0			134.0		11.72	0.002		13550.0		46.5274	0.89764	0.069567	
Achoerodus viridis	1004ac3c0d8d6bd825bbe8058bc5c012		6.5	0.8	0.0001	2.026e-12	0.1	0.95		17.96		5227.0	0.0			27020.0		0.07268	0.002		67790.0		4.41471	0.8588	0.1591	
Acipenser ruthenus	0b96730a682802ff925457b4832bce69		6.5	0.8	0.0001	1.861e-08	0.1	0.95		11.83		5280.0	0.0					0.02358	0.002		6536.0		179.83	0.994	0.05407	
Acipenser sturio	91d2d822ff7160abb9b9e57817711028		6.5	0.8	0.0001	2.688e-10	0.1	0.95		17.28		5232.0	0.0					2.555	0.002		7761000.0		845.736	0.8373	0.03179	
Acyrthosiphon pisum	44ea1145b8bdaf4e4ba0a72242bbeb8c		6.5	0.8	0.0001	0.04509	0.1	0.95		17.64		4449.0	0.0					0.1112	0.002		3.125		205.927	0.7641	0.031	
Aedes aegypti	659d82334ce06794ac14a699fe41bb4d		6.5	0.8	0.0001	0.0860414	0.18	0.95	0.998662	23.57		4400.0	0.0	0.997476			0.0166888	0.00328786	0.002				359.669	0.631228	0.00581869	
Aegotheles cristatus	e77dc5c18f2a229366e15a70c599332f		6.5	0.8	0.05	3.56e-17	0.1	0.95		30.2905		7289.62	0.0					2903.0	0.002		5588.0		118.212	0.92459	0.043551	
Aepyceros melampus	0747c465edaff4d5301bd9f9baab8e52		6.5	0.8	0.1	1.96822e-13	0.1	0.95		26.5557		7843.33	0.0					16802200.0	0.002	50044100.0	147952000.0		1316.5	0.461564	0.0765282	0.0
Aethia cristatella	7048c7929886b0410e3501585b00d8a9		6.5	0.8	0.01	2.504e-15	0.1	0.95		613.792		7321.75	0.0					10010.0	0.002		1624000.0		2906.5	0.9415	0.19336	
Aethia pusilla	eedd1a360668ef531a40b98d4493618e		6.5	0.8	0.01	1.158e-14	0.1	0.95		749.079		7320.18	0.0					5016.0	0.002		689700.0		2461.94	0.93853	0.16667	
Aglaoctenus lagotis	4f7f7da06de383e86a5bfe76f10bb859		6.5	0.8	0.0001	3.7643e-07	0.1	0.95		25.1455		4434.83	0.0			4.93094		0.154662	0.002		75.5595		7.90957	0.857267	0.00620346	
Ailuropoda melanoleuca	e2e3653c631047a2e41328c4dc46151e		6.5	0.8	0.05	4.674e-13	0.1	0.95		166.19		7804.32	0.0					1341.0	0.002	563900.0	7441000.0		3761.57	0.99197	0.049864	16.3806
Albula vulpes	954d4564780d4574570377f3efae7a5f		6.5	0.8	0.0001	8.191e-10	0.1	0.95		8.985	0.05	5238.0	0.0		16.1			0.0678	0.002		31710.0	11.22	156.811	0.9649	0.05298	
Alces alces	fc7d998315ba4a3e50cfab10954bdc45		6.5	0.89977	0.3	1.138e-35	0.1	0.95		46.0414		7823.5	0.0					10940000.0	0.002	84970000.0	551800000.0		2830.35	0.837	0.24176	151.399
Alectura lathami	0af00c8374b5551a726a6d761528a5a8		6.5	0.8	0.05	2.982e-15	0.1	0.95		20.8595		7313.04	0.0					184100.0	0.002		241600.0		311.179	0.7668	0.097667	
Alle alle	7e352142ba90a4d7bd1f4e11494432e9		6.5	0.8	0.01	8.92e-23	0.1	0.95		895.699		7321.49	0.0					719.9	0.002		121700.0		3394.83	0.99334	0.25676	
Alligator mississippiensis	258a54f64c1a663997eb9cca0549f840		6.5	0.8	0.0001	3.411e-11	0.1	0.95		14.92		7863.0	0.0					24330.0	0.002		22340000.0		585.179	0.8628	0.04296	
Alosa sapidissima	540d73069202e6462f72e6981a5d1e4c		6.5	0.8	0.0001	1.713e-08	0.1	0.95		331.5		5214.0	0.0			5.496		0.781	0.002		7224000.0		1772.71	0.6287	0.03018	
Alouatta palliata	06bc9289566826026b931f3c8667a0c2		6.5	0.8	0.05	1.40806e-14	0.1	0.95		6.79159		7858.97	0.0					775709.0	0.002	1501180.0	3392860.0		153.246	0.772213	0.120677	143.082
Amia calva	d526fe4bb2cd5cf0d8edcbee9b0a07c4		6.5	0.8	0.0001	5.115e-08	0.1	0.95		154.0		5221.0	0.0					5.289	0.002		1364000.0		1720.86	0.5637	0.02561	
Amphisbaena alba	e9c5fca6f18472b4bdb1059cc9b179d0		6.5	0.8	0.0001	1.617e-09	0.1	0.95		18.24		7845.0	0.0					4099.0	0.002		146600.0		154.404	0.8079	0.02034	
Anarhichas denticulatus	82231bb18c0352f531625d3a170c6d25		6.5	0.8	0.0001	2.5949e-07	0.1	0.95		230.277		5225.0	0.0			131492.0		51.4737	0.002		6924140.0		421.678	0.73297	0.017131	
Anarhichas lupus	1b5a06078230b478e2aac29ce38c6cea		6.5	0.8	0.0001	3.76917e-09	0.1	0.95		19.7499		5228.5	0.0			56469.7		88.649	0.002		706454.0		80.2195	0.674027	0.0408017	
Anas platyrhynchos	e0ba320731e80caf95de527439aa69b3		6.5	0.8	0.02	4.508e-36	0.1	0.95		18.6503		7318.36	0.0					14770.0	0.002		71280.0		197.235	0.93811	0.36295	
Andrias japonicus	41349267f4b608eff2affa9111ed15de		6.5	0.8	0.0001	4.798e-10	0.1	0.95		4.81		6546.0	0.0					96.69	0.002		175300.0		157.376	0.927	0.09507	
Anguilla anguilla	b81dfd849eb83bca1705a2f0c0e671dd		6.5	0.8	0.0001	1.342e-08	0.1	0.95		22.92	0.05	5222.0	0.0		20.3			0.04857	0.002		12590.0	0.0005	301.111	0.9157	0.06093	
Anguis fragilis	9d72c2c8f700a5af8c9c3265f68859c7		6.5	0.8	0.0001	3.168e-10	0.1	0.95		36.24		7827.0	0.0					1168.0	0.002		18860.0		159.06	0.64	0.02748	
Anthus pratensis	eb78a0bc492c93711d4c1ca8426d71d9		6.5	0.8	0.01	2.05e-20	0.1	0.95		1013.0		7315.68	0.0					36.37	0.002		20870.0		2184.29	0.99399	0.22654	
Aotus trivirgatus	1dd3fb0f05b62d171f7075d02a6f0478		6.5	0.8	0.05	1.553e-30	0.1	0.95		59.2		7850.0	0.0					274500.0	0.002	1807000.0	8290000.0		748.064	0.624	0.157	127.3
Apatosaurus spec	4a0bffea523beea537741425173e651f		6.5	0.8	0.5	1.114e-16	0.1	0.95		19.13		7845.0	0.0					468200.0	0.002		325300000.0		2261.2	0.923	0.02304	
Aphanius fasciatus	ca3b317c12ad025398bec05b234d8a98		0.0004343	0.005009	0.0001	4.875e-08	0.8	0.95		10.51		5241.0	0.0					2.164	0.002		171.7		25.2604	0.7614	0.03548	
Aphrastura spinicauda	fc5861eec01a70a052c61fd549cbe59c		6.5	0.8	0.01	4.372e-35	0.1	0.95		800.0		7311.15	0.0					1245.0	0.002		253600.0		1711.6	0.91582	0.42124	
Aplysia californica	79cd7dad3cdb7a458fa58a0a77eb939c		6.5	0.8	0.0001	1.219e-06	0.1	0.475		180.5		3948.0	0.0			3993.0		0.004399	0.002		235400.0	0.05363	57.9286	0.8522	0.0116	
Aporrectodea longa	6ba7cb1f971e29fa5b0489de565d4109		6.5	0.8	0.0001	1.413e-09	0.1	0.95		243.6		4168.0	0.0					3.087	0.002		1009.0		363.727	0.9758	0.1665	
Apteryx mantelli	a2d2e28e381809c970138675ba310656		6.5	0.8	0.05	1.878e-26	0.1	0.95		22.7939		7321.0	0.0					909100.0	0.002		9184000.0		476.767	0.51024	0.077626	
Apus apus	9623ca15e5c36c273a9e571b97ba8107		6.5	0.8	0.01	9.097e-50	0.1	0.95		608.169		7310.72	0.0					87.27	0.002		26090.0		1810.03	0.99516	0.57068	
Aquila chrysaetos	5047c9307611462730f7230818a6788a		6.5	0.8	0.01	3.143e-51	0.1	0.95		231.821		7320.89	0.0					648800.0	0.002		204800000.0		8318.38	0.36498	1.1718	
Arapaima gigas	a8f83fea3aa2f1d343cc2b193eacfdcc		6.5	0.8	0.0001	9.977e-10	0.1	0.95		28.99		5223.0	0.0					0.259	0.002		366100.0		758.335	0.9905	0.03239	
Archaeopteryx lithographica	b9239f5c1ac241577326804d5d856bf6		6.5	0.8	0.5	4.559e-19	0.1	0.95		27.15		7827.0	0.0					33080.0	0.002		1325000.0		261.487	0.7565	0.02527	
Arctica islandica	5c0583f70d0785993185a7411b8a4cae		12.0	0.7	0.0001	3.609e-12	0.1	0.95		2.792		2354.0	0.0			9.367e-07		1.906e-09	0.002		0.5052		4.81926	0.999945	0.01266	
Ardeotis kori	185f3057c97c4f10fd7a1c483282d5a1		6.5	0.8	0.05	2.815e-19	0.1	0.95		215.985		7321.07	0.0					1642.0	0.0019548		1145000.0		2381.75	0.99067	0.058421	
Arenicola marina	8981bb1d5f3ba68ed39eec35e0104438		6.5	0.8	0.0001	7.856e-08	0.1	0.95		255.42		4184.0	0.0					1.15e-06	0.002		843.6		514.939	0.997	0.16274	
Argopecten purpuratus	be54afd1d214780315c063fa0def0756		12.0	0.8	0.0001	5.544e-08	0.1	0.95		51.68		2374.0	0.0			0.0004535		2.859e-06	0.002		75.57		51.8661	0.9719	0.03876	
Argyrosomus regius	27622ae481976a389f0364896073477f		6.5	0.8	0.0001	4.364e-09	0.1	0.95		7.586		5251.0	0.0			31.49		0.1663	0.002		2093000.0		62.5809	0.9049	0.07804	
Asellus aquaticus	4acab09868db831471b70493b88c5cc0		6.5	0.8	0.0001	9.045e-08	0.1	0.95		146.6		4400.0	0.0					0.02171	0.002		0.2386		53.3397	0.9581	0.1757	
Aspidiophorus polystictos	88edfcced5860e504db0c2d25d801715		6.5	0.8	0.0001	0.0001914	0.1	0.95		981.4		1307.0	0.0					1.798e-05	0.002		8.432e-05		5.9039	0.57	0.005143	
Asplanchna girodi	7ef4175c71766debbf941dc6e2476c02		6.5	0.8	0.0001	2.029e-25	0.1	0.95		2083.0		915.9	0.0					0.006749	0.002		0.1183		158.351	0.3111	0.172	
Asterias rubens	ff6711281e27917bc07b75a921bc2f40		6.5	0.89	0.0001	6.088e-06	0.1	0.95		31.36		2501.0	0.0			0.0006996		4.745e-06	0.002		0.8555		75.1949	0.998	0.01336	
Asterina gibbosa	9bb47cd93065ef4d4f6c5761a3577c47		6.5	0.8	0.0001	7.637e-08	0.1	0.475		12.04		2854.0	0.0			0.03866		0.03865	0.002		21.11		26.7322	0.917	0.02318	
Atherina presbyter	8aa69a96e25e63f574382883df9016f5		6.5	0.8	0.0001	5.235e-07	0.1	0.95		35.83		5185.0	0.0			11.27		3.468	0.002		4162.0		121.404	0.6546	0.02951	
Atractosteus spatula	d3a4b7c1f41f1e5cc48d060d5ec1e28f		6.5	0.8	0.0001	1.862e-10	0.1	0.95		28.65		5220.0	0.0					0.4422	0.002		7206000.0		882.624	0.954	0.0404	
Balaeniceps rex	16bde12b82a99c26cf61f1229cd3f41a		6.5	0.8	0.01	4.352e-65	0.1	0.95		115.682		7300.06	0.0					27850.0	0.002		8571000.0		2138.1	0.97385	2.5047	
Balaenoptera acutorostrata	03989edf0baedd8ab5478fca2ad3b410		6.5	0.8	0.1	6.901e-13	0.1	0.95		32.4066		7840.05	0.0					227000000.0	0.002	583500000.0	6178000000.0		4718.56	0.62976	0.070469	0.0
Balaenoptera musculus	64d8253f41d376fdd1f902527ed187c7		6.5	0.8	0.5	4.593e-23	0.1	0.95		41.68		7841.0	0.0					111400000.0	0.002	448400000.0	4194000000.0		9854.84	0.9698	0.119	0.0
Belone belone	6b4ff497ef77437ec9fad307c08c99a6		6.5	0.8	0.0001	1.307e-08	0.1	0.95		40.73		5211.0	0.0					0.02362	0.002		1104.0		255.702	0.9785	0.01254	
Beroe gracilis	d2a147385e1eacebb447e4f9e1558f1e		6.5	0.8	0.0001	2.046e-05	0.1	0.475		42.57		260.0	0.0			0.3103		0.0002311	0.002		4.512		6.01237	0.7661	0.07853	
Beroe ovata	c70014071bb5de21dca3ec0d826bb274		18.73	0.8	0.0001	0.000150131	0.1	0.475		16.623		259.984	0.0			0.0358646		0.00387769	0.002		27.5751		30.6455	0.672393	0.0239711	
Biomphalaria glabrata	dda69fe8d4ca69ea96e9656a8f4ad747		6.5	0.8	0.0001	5.001e-07	0.1	0.475		868.8		3950.0	0.0			363.3		0.4955	0.002		1060.0		184.841	0.541	0.02103	
Boa constrictor	253bb4ac5026b77a3adf9b78516913b9		6.5	0.8	0.0001	8.763e-11	0.1	0.95		45.88		7836.0	0.0					98880.0	0.002		8259000.0		1237.79	0.6216	0.0229	
Bolinopsis mikado	266955574f36a9262c06633951a8c034		18.0	0.8	0.0001	0.01185	0.1	0.475		17.59		261.5	0.0			2.066		0.001267	0.002		42.91		3.07258	0.62	0.0003797	
Bombyx mori	672e63f0b0571acb1c4299a65a1d256a		6.5	0.2	0.0001	0.7371	0.5	0.95	5.174e-27	26.82		4414.0	0.0	0.9998			1.375	0.05781	0.00145				89.5744	0.8716	0.01202	
Boops boops	fb99b92f46db65d7f8a22d33ee501f04		6.5	0.8	0.0001	6.409e-09	0.1	0.95		30.44		5200.0	0.0			2.894		0.05099	0.002		22140.0		49.9119	0.9264	0.07114	
Bosmina longirostris	869bccad902dfe087fefb3d7f87982d8		6.5	0.8	0.0001	7.038e-06	0.1	0.95		1400.0		4439.0	0.0					0.001486	0.002		0.02108		83.6296	0.4838	0.02278	
Bos primigenius Angus	40e81482006c210a43ef64609163278e		6.5	0.8	0.1	1.24553e-12	0.1	0.95		36.3875		7782.35	0.0					4623570.0	0.002	32235600.0	45373700.0		2112.85	0.956962	0.127215	142.446
Bos primigenius Brahman	40e81482006c210a43ef64609163278e		6.5	0.8	0.1	4.79694e-12	0.1	0.95		24.9385		7836.06	0.0					6966400.0	0.002	34002700.0	63125400.0		1618.31	0.944389	0.105339	0.0201193
Bos primigenius Holstein	40e81482006c210a43ef64609163278e		6.5	0.8	0.1	3.02112e-12	0.1	0.95		34.7127		7845.66	0.0					10440800.0	0.002	17574400.0	63074700.0		2041.51	0.932161	0.105044	49.52
Brachidontes pharaonis	7e58b93994497ead236dd02370e5c733		6.5	0.75	0.0001	4.156e-08	0.1	0.95		14.24		2478.0	0.0			3.31e-05		3.938e-06	0.002		2.163		8.20212	0.983	0.01868	
Brachionus plicatilis	c1847141382c50836d8cf6c9cea31e71		0.2249	0.7	0.0001	0.001754	0.25	0.95		349.9		1545.0	0.0					0.0003132	0.002		0.0006225		16.601	0.2818	0.02445	
Branchiostoma floridae	56b084fe5a8af1fb6b065bd2b921487b		6.5	0.8	0.0001	3.967e-10	0.1	0.95		26.08		1565.0	0.0			0.09704		0.002335	0.001		8.591		6.23201	0.8286	0.0117	
Bubo scandiacus	1347e0b2597b16465cd5674f305fafd4		6.5	0.8	0.01	2.153e-18	0.1	0.95		826.719		7319.88	0.0					2192.0	0.002		2745000.0		6188.78	0.98093	0.20023	
Bubo virginianus	8cc3813fbee7a429055cc132b940107d		6.5	0.8	0.01	1.515e-19	0.1	0.95		1206.25		7327.5	0.0					784.4	0.002		985600.0		7126.22	0.99046	0.15811	
Buccinum undatum	1e9490fd92636d74588b2fc5f0870e54		6.5	0.2	0.0001	9.235e-09	0.5	0.475		44.158		3924.91	0.0			0.0001355		5.65e-05	0.002		1504.0		123.828	0.99636	0.032932	
Bucorvus leadbeateri	c37431d15839c9b467569ad3045869be		6.5	0.8	0.01	2.625e-25	0.1	0.95		332.976		7304.95	0.0					1476.0	0.002		1483000.0		3408.48	0.99062	0.18812	
Bufo bufo	e53ae9ac85ef2c141a509f6405bc98f7		6.5	0.8	0.0001	5.505e-10	0.1	0.95		105.4		7320.0	0.0					0.5665	0.002		83530.0		400.978	0.8832	0.04897	
Caenorhabditis elegans	64710e67cd5e7ae09722a643ba747af2		6.5	0.8	0.0001	0.0002171	0.1	0.95		2652.0		1811.0	0.0			0.000281		5.606e-06	0.002		0.0009903		17.5013	0.85	0.0893	
Caiman crocodilus	2169464fbc24236e32ec1d7b81a59a45		6.5	0.8	0.0001	1.553e-11	0.1	0.95		11.83		7842.0	0.0					13650.0	0.002		945900.0		289.884	0.9529	0.07878	
Calanus sinicus	522187c194196c1a2931e0e054be2ebe		6.5	0.18	0.0001	4.457e-05	0.7	0.95		1400.0		4400.0	0.0					0.00102	0.002		0.4417		167.65	0.8	0.0195	
Calidris alpina	3573e87083ded2fb1ffc96183f7def79		6.5	0.8	0.01	8.736e-24	0.1	0.95		439.071		7326.51	0.0					5167.0	0.002		361200.0		1238.72	0.89149	0.096193	
Calidris bairdii	b332bce93951f2c8b34f237074c8b5bc		6.5	0.8	0.01	9.234e-36	0.1	0.95		1011.51		7319.29	0.0					1852.0	0.002		377700.0		2475.89	0.93557	0.171	
Calidris ferruginea	9b0c2d95deffed6fa89cdb208c187026		6.5	0.8	0.01	6.614e-29	0.1	0.95		487.264		7320.09	0.0					3901.0	0.002		705500.0		1763.58	0.92229	0.26612	
Calidris maritima	a35342e9335b7725fa58bc1da7787203		6.5	0.8	0.1	3.44e-86	0.1	0.95		803.252		7314.22	0.0					6574.0	0.002		1322000.0		2438.76	0.8143	0.076269	
Calidris minuta	9690a93b47b604e28ac765c2345ba29c		6.5	0.8	0.01	7.159e-28	0.1	0.95		1939.19		7327.26	0.0					1355.0	0.002		385400.0		3862.84	0.93304	0.19456	
Calidris minutilla	81a637f1ff6e3f1fda7a976824ba5adc		6.5	0.8	0.01	8.354e-20	0.1	0.95		1499.92		7322.25	0.0					156.5	0.002		7142.0		2466.12	0.98992	0.078793	
Callianira antarctica	303f7a8417f250f9b9d1cbc77fc060cf		18.73	0.8	0.0001	1e-06	0.1	0.475		8.80963		263.639	0.0			0.0289573		2.37994e-07	0.002		3277.68		1.12386	0.56161	0.0233171	
Callithrix jacchus	62c40d93ae8fa0246b8a98d2e750ecd6		6.5	0.8	0.05	5.98064e-27	0.1	0.95		53.4187		7857.36	0.0					73158.6	0.002	361819.0	2290390.0		476.631	0.677492	0.150737	130.691
Callithrix pygmaea	e1f4feeca0820dced99b7266294fff98		6.5	0.8	0.05	2.0296e-28	0.1	0.95		49.0685		7824.77	0.0					91369.6	0.002	622056.0	2435820.0		480.048	0.490877	0.17219	114.636
Callorhinchus capensis	2b8e437a12e0cc1b19683fd7de7c7206		6.5	0.8	0.0001	7.79e-08	0.1	0.95		44.13		5232.0	0.0					2895.0	0.002		530600.0		609.215	0.8975	0.08054	
Callorhinus ursinus	4a75190e7f56b556cca2e56212dc703f		6.5	0.8	0.1	2.447e-12	0.1	0.95		9.565		7868.0	0.0					6101000.0	0.002	7886000.0	39190000.0		418.241	0.526	0.02663	0.0
Camerasaurus spec	e91d23682d9e6ef031ecc9e41fd28be9		6.5	0.8	0.5	2.068e-16	0.1	0.95		17.9		7845.0	0.0					1304000.0	0.002		1534000000.0		2223.22	0.7867	0.01973	
Canis lupus	bcd6035778291a7feaad52cb7ac167cb		6.5	0.8	0.1	4.72e-20	0.1	0.95		128.67		7837.59	0.0					196000.0	0.002	4034000.0	108900000.0		3297.81	0.856	0.15947	43.7058
Capitella teleta	fd9aa8aa73aaf17bae632c52a561664d		6.5	0.8	0.0001	5.308e-07	0.1	0.95		410.0		4160.0	0.0					0.06636	0.002		273.7		410.142	0.8638	0.25	
Carapus bermudensis	2dd6e3f10c0d08bcb17089579df4c5d0		6.5	0.8	0.0001	2.23478e-09	0.1	0.95		17.9637	0.05	5230.24	0.0		20.3			0.00129682	0.00285844		11186.1	288.8	49.6319	0.800615	0.0288329	
Carcharhinus leucas	08712ee451c6216fdc23bf2ed1b8eb24		6.5	0.8	0.0001	4.832e-10	0.1	0.95		13.72		5237.0	0.0					861300.0	0.002		38260000.0		747.516	0.6769	0.02324	
Carcharodon carcharias	c5465928ea46eb759bbbf4d623c56bad		6.5	0.8	0.0001	1.822e-09	0.1	0.95		20.08		5226.0	0.0					11380000.0	0.002		258300000.0		2192.34	0.793	0.11761	
Carcinus maenas	182ab1e14f8181b51f406b97feedd219		6.5	0.8	0.0001	2.62481e-08	0.1	0.95		38.3674		4400.0	0.0			0.341205		0.000701536	0.002		304.61		24.825	0.987791	0.0466903	
Caretta caretta	5667c31e110f65b6f24658fa8d7f650f		6.5	0.8	0.0001	7.448e-11	0.1	0.95		6.439		7788.0	0.0					35990.0	0.002		54970000.0		407.298	0.7386	0.08562	
Cariama cristata	51010aa3e16c9d55c093b195102bac97		6.5	0.8	0.01	3.20856e-15	0.1	0.95		578.302		7313.61	0.0					322.628	0.002		12134.9		4155.19	0.997796	0.0984085	
Carollia perspicillata	b3658b2f62ac063825c67f88f1b3db18		6.5	0.8	0.01	1.4498e-19	0.1	0.95		370.828		7845.24	0.0					4661.74	0.002	60751.7	264443.0		921.814	0.85336	0.178147	89.1483
Castor fiber	3b8681fe6477ed5a3762fcdef4d00eb2		6.5	0.8	0.1	1.683e-13	0.1	0.97		298.895		7838.01	0.0					84550.0	0.002	884700.0	10940000.0		3398.45	0.91302	0.025035	22.2248
Cavia tschudii	f83a21896fe575a2978cfd1222434dca		6.5	0.8	0.1	1.9512e-13	0.1	0.95		126.43		7837.04	0.0					49927.5	0.0019464	158065.0	776844.0		1155.86	0.88164	0.11079	49.1103
Cebus capucinus	0b4728552da36e92bba7b084a347127a		6.5	0.8	0.05	2.466e-23	0.1	0.95		10.83		7800.0	0.0					512000.0	0.002	2289000.0	3833000.0		189.671	0.7223	0.088	124.3
Cepphus grylle	f56cecae9c9629f9bcc610161d9b483e		6.5	0.65849	0.01	1.408e-27	0.1	0.95		433.599		7303.76	0.0					1673.0	0.002		386900.0		2567.59	0.98901	0.30148	
Cerastoderma edule	2af65e2b505c0c8b54696e3d1a6ae6cc		6.5	0.8	0.0001	3.17009e-08	0.1	0.95		18.3331		2353.29	0.0			0.000128498		9.47001e-06	0.002		7.05489		14.1933	0.968896	0.00915163	
Ceratotherium simum	6179a66ee04b226c191579679d6afeed		6.5	0.8	0.1	1.279e-16	0.1	0.95		30.7406		7825.93	0.0					29893700.0	0.002	514922000.0	1597410000.0		3005.11	0.83423	0.18187	423.987
Ceriodaphnia dubia	b7129a03be4a413d639f0bf4ade8d684		6.5	0.8	0.0001	2.722e-05	0.1	0.95		1306.19		4446.61	0.0					0.005286	0.002		0.02386		69.3481	0.45619	0.010149	
Ceriodaphnia pulchella	8c950c5099d7368e2c5d026dc079a5e9		6.5	0.8	0.0001	5.202e-06	0.1	0.95		1049.0		4445.0	0.0					1.193e-08	0.002		3.177e-06		28.633	0.9987	0.02058	
Cervus canadensis	d116839109ff1e816c69b6ab69deb181		6.5	0.81063	0.3	1.025e-25	0.1	0.95		15.0238		7844.73	0.0					18980000.0	0.002	30900000.0	224200000.0		975.48	0.78375	0.1859	4.1483
Channa punctata	19bb192b10caf3ea97ac557fd3b99edb		6.5	0.8	0.0001	6.29049e-08	0.1	0.95		16.4884		5232.45	0.0					0.000237038	0.002		345.933		97.4623	0.996963	0.0445396	
Chanos chanos	4d9c6e7dced48df2f32ab635d64864ea		6.5	0.8	0.0001	6.052e-10	0.1	0.95		39.23		5200.0	0.0			0.7199		0.5095	0.002		3539000.0		772.497	0.7455	0.04969	
Chaoborus americanus	5dbeb214237206446fda16aaf06120cb	38.99	6.5	0.8	1.0	0.1782	0.1	0.95		63.93		440.0	0.0					1.232e-05	0.002		0.001327		4.44555	0.9973	0.01875	
Charadrius pecuarius	7649077c28e6d6a042e8f6a197b55be5		6.5	0.8	0.01	1.151e-28	0.1	0.95		184.056		7315.51	0.0					5920.0	0.002		442100.0		675.855	0.86492	0.33675	
Charybdis bimaculata	4e36e28ae886201dde69d60b6f300fbc		6.5	0.8	0.0001	8.965e-07	0.1	0.95		72.377		4437.41	0.0			0.03252		0.001294	0.002		129.0		38.949	0.97415	0.022396	
Chelidonichthys lucerna	092eeb046b250e0e6525afb90ea84c57		6.5	0.8	0.0001	4.34116e-08	0.1	0.95		17.7616		5225.49	0.0			6.00797		0.557084	0.002		91749.9		168.298	0.652471	0.0358337	
Chelon labrosus	78be26413dd8d85e73278dd3188eab9f		6.5	0.8	0.0001	1.21359e-08	0.1	0.95		18.5739		5229.47	0.0					0.373916	0.002		150073.0		396.543	0.619047	0.0325429	
Chiloscyllium plagiosum	52239f24c95c370cbca53d5404f355a8		6.5	0.8	0.0001	4.294e-10	0.1	0.95		18.91		5287.0	0.0					7787.0	0.002		1275000.0		246.869	0.7077	0.03059	
Chirocentrus dorab	e6e028c4da3f6801e1e7b01fa7098bf8		6.5	0.8	0.0001	7.549e-10	0.1	0.95		3.178		5232.0	0.0			0.03111		0.02993	0.002		7914.0		33.0237	0.971	0.03695	
Chironex fleckeri	acb0b861a8a833094a28eb241f5d6668		6.5	0.8	0.0001	1.82973e-06	0.1	0.95		24.8772		260.909	0.0			2593.74		0.074492	0.002		6711.02		18.9005	0.382352	0.00967923	
Chlamydoselachus anguineus	efa72d5fdd926d889162f49fa8618ce3		6.5	0.8	0.0001	1.497e-08	0.1	0.95		21.05		5235.0	0.0					693200.0	0.002		17070000.0		942.912	0.4197	0.05844	
Chlidonias leucopterus	a666e4b62baba1a7edf044f52f7eefd5		6.5	0.8	0.01	2.868e-33	0.1	0.95		1194.02		7327.31	0.0					778.6	0.002		300200.0		3570.47	0.97863	0.27361	
Chlorocebus aethiops	76233bc1b7b6845442a6b98f93ac8124		6.5	0.8	0.05	2.704e-15	0.1	0.95		15.17		7850.0	0.0					454900.0	0.002	1537000.0	6251000.0		295.967	0.7837	0.08256	113.7
Chromis chromis	3ea36d06fa4400de11f0f6fbaf5c7bde		6.5	0.8	0.0001	4.0334e-09	0.1	0.95		20.3158		5226.6	0.0			1.564		0.51775	0.002		6066.67		44.5003	0.88316	0.057644	
Chydorus sphaericus	bf9a53b5d704a17c593c845f6e8d08cb		6.5	0.8	0.0001	2.626e-06	0.1	0.95		2891.9		4400.0	0.0					9.576e-06	0.002		6.411e-05		23.5842	0.9454	0.014481	
Ciconia ciconia	1f8d320bdebfb912da9ef2433da92a85		6.5	0.8	0.01	7.813e-33	0.1	0.95		337.545		7320.39	0.0					825.9	5.5389e-12		1454000.0		4254.35	0.99761	0.70097	
Cinnyris jugularis	d7ff4b36e31373ca9a0d3b401e370436		6.5	0.8	0.01	6.777e-25	0.1	0.95		2426.09		7324.37	0.0					51.63	0.002		28620.0		3107.48	0.98754	0.16454	
Ciona intestinalis	eca285a07d80dda8bda2c2e91aa687f8		8074.0	0.06277	0.0001	1.706e-07	0.1371	0.475		56.95		1533.0	0.0					6.152e-08	0.0017		0.009119		66.8727	0.9998	0.05048	
Circus aeruginosus	86e884dce0543b20ad3f399fc9ce5198		6.5	0.14503	0.01	5.061e-26	0.1	0.95		476.81		7319.59	0.0					918.1	0.002		541700.0		3439.64	0.9918	0.47439	
Clamator glandarius	02135d597ace84d87208d04918b1beba		6.5	0.8	0.05	1.077e-108	0.1	0.95		893.43		7321.09	0.0					269.0	0.002		2185.0		3758.06	0.99248	0.61137	
Clione limacina	ccdf4eb106a21eed81a0df1e7d2ca725		6.5	0.8	0.0001	4.914e-05	0.1	0.475		291.9		3920.0	0.0			0.0006168		2.309e-07	0.002		0.1486		23.4962	0.9961	0.003755	
Cloeon dipterum	cb3fd2c1a361461205d2d68285a00177	546.6	6.5	0.8	1.0	0.04747	0.1	0.95		41.21		4420.0	0.0					0.0004215	0.002		0.01425		9.18397	0.9616	0.007818	
Clupea harengus	6bcb569f1523c7f3faea43845cab12a2		6.5	0.8	0.0001	1.496e-09	0.1	0.95		34.41		5218.0	0.0			1252.0		15.55	0.002		920200.0		101.244	0.7365	0.0867	
Columba livia	85552c5c13d52b6bb61b495497f135c1		6.5	0.8	0.05	6.378e-64	0.1	0.95		1011.0		7352.44	0.0					438.7	0.002056		34920.0		3539.24	0.99099	0.093246	
Columba oenas	ed30f61f67a50dfc7efd082e23ec61b9		6.5	0.8	0.01	7.242e-49	0.1	0.95		528.659		7335.09	0.0					1114.0	0.002		700900.0		3259.4	0.98699	1.6512	
Cornu aspersum	be1016122f1c597b37092a9c8b64aa6c		6.5	0.12045	0.0001	8.164e-08	0.7859	0.475		326.517		3916.48	0.0			0.6376		0.6375	0.002		850.4		917.37	0.94207	0.02258	
Coronella austriaca	7449215b10f0b0e3d3b66b04beff2d3d		6.5	0.8	0.0001	1.351e-08	0.1	0.95		22.18		7838.0	0.0					9348.0	0.002		111200.0		136.348	0.5674	0.02301	
Corophium volutator	3f0dd1ef46052e07709a147e7e701ed6		6.5	0.8	0.0001	6.035e-06	0.1	0.95		31.32		4415.0	0.0					0.00943	0.002		0.01649		9.32878	0.9132	0.01635	
Corvus monedula	8b1d7741c6b8ad881d4f28e0bbe0bdeb		6.5	0.8	0.01	9.126e-53	0.1	0.95		768.386		7323.49	0.0					223.0	0.002		123300.0		4204.58	0.99648	0.97218	
Corydoras aeneus	905ee3c3036f0147c9e3465986196a49		6.5	0.8	0.0001	3.758e-09	0.1	0.95		114.6		5224.0	0.0					0.04227	0.002		173.0		147.799	0.9824	0.05983	
Coryphaena hippurus	c1a7f3fb0a8ad67293953bcc7595b9b1		6.5	0.8	0.0001	2.408e-09	0.1	0.95		15.02		5250.0	0.0			49.7		0.09762	0.002		24310.0		64.3231	0.9777	0.142	
Crassostrea gigas	93190b1650de88982e0161577b8b6a7e		30.4368	0.3259	0.0001	1.0292e-08	0.2279	0.95		17.3445		2374.0	0.0			0.0207664		0.000178593	0.002		1.77877	0.000185829	77.5984	0.264403	0.00536302	
Crepidula fornicata	cb8d13d370be3253d988a29585db934d		6.131	0.8	0.0001	4.956e-09	0.1	0.95		35.33		3948.0	0.0			0.003475		4.287e-05	0.002		0.1305		12.7197	0.9966	0.05035	
Crinia georgiana	66b8883b16bfdf95aad4fa2a2d29f8d8		6.5	0.8	0.0001	5.2e-07	0.1	0.95		468.7		7350.0	0.0					7.731	0.002		1686.0		695.684	0.859	0.05556	
Crinia nimbus	7653067dbfb18458578b1e698667cacc		6.5	0.8	0.0001	3.50548e-07	0.1	0.95		78.9263		7309.74	0.0					91.0329	0.002		1741.09		133.379	0.450377	0.00804212	
Crocodylus johnstoni	fcfe74af99e90cc51fee08e046d3aef2		6.5	0.8	0.0001	1.065e-10	0.1	0.95		55.92		7461.0	0.0					2321.0	0.002		2163000.0		1149.53	0.97	0.07124	
Crocodylus niloticus	1a3211cb8764f54db424f9a4646c0075		6.5	0.8	0.0001	1.869e-10	0.1	0.95		23.32		7495.0	0.0					20210.0	0.002		45300000.0		1297.64	0.6599	0.01374	
Crocuta crocuta	93b93fda51bb5cdc6f82fe48dadab8b6		6.5	0.8	0.1	5.39658e-20	0.1	0.95		22.8805		7837.94	0.0					599336.0	0.002	7610100.0	29681900.0		796.584	0.908504	0.121491	60.1236
Ctenophorus ornatus	1784a51b08f5dec6219f9eb686c036f8		6.5	0.8	0.0001	9.553e-11	0.1	0.95		18.45		7830.0	0.0					1277.0	0.002		11170.0		63.6735	0.8319	0.01316	
Cuculus canorus	01a48abb4f3aba76b904ac4c7a32f20a		6.5	0.8	0.05	2.879e-81	0.1	0.95		894.106		7323.22	0.0					23.46	0.002		5637.0		3305.02	0.99793	0.39301	
Cuthona nana	49690556f98ee422c43965e6f9691394		6.5	0.026	0.0001	1.3e-06	0.1	0.475		787.1		3900.0	0.0			0.1		2.928e-07	0.002		0.211		7.57206	0.99842	0.1952	
Cyclops vicinus	3665f193e29e67b5f91a61c8f72b79e8		6.5	0.8	0.0001	2.972e-05	0.1	0.95		1400.0		4400.0	0.0					2.938e-05	0.002		0.003318		39.7933	0.9967	0.02723	
Cyclopterus lumpus	4445e08822e2ce4fad71ae776c543830		6.5	0.8	0.0001	2.046e-09	0.1	0.95		22.01		5226.0	0.0			31710.0		2.017	0.002		2398000.0		21.4746	0.8674	0.0438	
Danio rerio	ae6d1ad09071086da0498b39630b01f8		6.5	0.8	0.0405	1.96e-09	0.1	0.95		500.9		4652.0	0.0			19.66		0.5402	0.01662		2062.0		246.32	0.4366	0.0278	
Daphnia cucullata	3eb62cdbb1d096da9cfcabc1b19e18aa		6.5	0.8	0.0001	3.048e-06	0.1	0.95		1400.0		4400.0	0.0					0.002865	0.002		0.0155		86.9534	0.73	0.03627	
Daphnia hyalina	29d9d22b0b26cf7307af8c0faaa8cf06		6.5	0.8	0.0001	7.074e-05	0.1	0.95		1600.0		4400.0	0.0					0.02201	0.002		0.1235		208.0	0.59	0.08	
Daphnia magna	e44e0a35c2cdb085859074a9fe73abdf		6.5	0.9	-0.3	0.0003105	0.05	0.95		1453.0		4400.0	0.0					0.01379	0.002		0.3211		315.611	0.61	0.1584	
Daphnia pulex	1274b0b445ebb1c66cc1c92f024359f4		6.5	0.8	0.0001	7.909e-05	0.1	0.95		1599.0		4448.0	0.0					0.26	0.002		3.926		520.825	0.4378	0.04889	
Daspletosaurus torosus	d220ef2c6ad58b7d730719f5ad838bf8		6.5	0.8	0.5	2.335e-11	0.1	0.95		15.9		7847.0	0.0					351800.0	0.002		185500000.0		1068.07	0.8338	0.01524	
Dasypus novemcinctus	f4765b154fabeda6821bb372a27914fa		6.5	0.8	0.1	7.20119e-12	0.1	0.95		166.973		7828.14	0.0					4002.1	0.002	45872.5	227652.0		1269.6	0.964623	0.0148066	21.009
Dasyurus viverrinus	8ff9da85871d400b6a4cc78e9c208645		6.5	0.8	0.1	1.46694e-12	0.1	0.95		1296.6		7841.38	0.0					0.000781006	0.002	508.749	1113.36		4405.08	0.999942	0.0356694	17.8803
Daubentonia madagascariensis	429cae10b932f86ee7eed6bb5e0f5c07		6.5	0.8	0.05	2.54262e-24	0.1	0.95		51.1475		7840.05	0.0					108201.0	0.002	3002810.0	7097100.0		709.918	0.854919	0.230898	154.718
Delphinapterus leucas	d9b93553f1483a53529684b92f3e0872		6.5	0.8	0.1	5.578e-13	0.1	0.95		26.8277		7804.84	0.0					12430000.0	0.002	60990000.0	145400000.0		1541.03	0.89077	0.039059	1.6373e-12
Delphinus delphis	53f82736e0e55a75583156a10dc0770e		6.5	0.8	0.2	5.547e-12	0.1	0.95		8.5816		7687.53	0.0					4116000.0	0.002	5402000.0	34000000.0		379.846	0.73606	0.020383	0.0
Dendrobaena octaedra	6ec54faf2fcf669ae87e31911d422933		6.5	0.8	0.0001	5.566e-09	0.1	0.95		460.8		4171.0	0.0					2.086	0.002		205.0		335.689	0.8648	0.1585	
Dentex dentex	470a9807241f414f99aaed0d85d65ec6		6.5	0.8	0.0001	7.177e-09	0.1	0.95		16.62		5232.0	0.0			22.76		0.1686	0.002		462800.0		75.252	0.9318	0.04486	
Dermochelys coriacea	dd8153b49c7daf4582b11583525bc26c		6.5	0.206503	0.0001	1.93879e-09	0.2	0.95		21.178		7843.18	0.0					7550.16	0.002		82514900.0		1191.41	0.916651	0.0865079	
Desmodus rotundus	5ed68b3442894a2a01c67ec56d5bc32a		6.5	0.8	0.05	6.6e-35	0.1	0.95		151.433		7833.0	0.0					2705.62	0.002	114988.0	117106.0		442.953	0.897767	0.0850767	178.413
Diaphanosoma brachyurum	dd213856b4a492a6f01afd65e70991d4		6.5	0.8	0.0001	0.0008197	0.1	0.95		772.4		4436.0	0.0					0.004503	0.002		0.0165		45.7963	0.7362	0.02326	
Dicentrarchus labrax	9d082a4d12bd05ee5b2050d56a4d052d		6.5	0.8	0.0001	2.578e-09	0.1	0.95		25.17		5286.0	0.0			140.9		0.4334	0.002		1272000.0		85.1438	0.7083	0.02631	
Dicerorhinus sumatrensis	43f507935a136e2a4c6221db63021549		6.5	0.8	0.1	9.76774e-17	0.1	0.95		78.3082		7914.86	0.0					8275200.0	0.002	1182270000.0	2360420000.0		6420.98	0.846346	0.225097	189.681
Didelphis virginiana	5e9ae59ab0006f520ea05758db530df8		6.5	0.8	0.1	3.174e-10	0.1	0.95		69.0461		7832.94	0.0					0.15577	0.002	240.087	1013.34		667.069	0.999567	0.0408654	5.64477
Diomedea exulans	9cf46c5413e6bef61c029d6cef69ff57		6.5	0.8	0.01	2.358e-17	0.1	0.95		682.722		7335.44	0.0					1827.0	0.002		632300.0		6753.63	0.99736	0.095851	
Diplodus puntazzo	7be95da2081d27bd05a0d13a5a9ba2f2		6.5	0.8	0.0001	1.86983e-09	0.1	0.95		18.5765		5229.2	0.0			22.7566		0.0141608	0.002		58316.1		21.2265	0.971582	0.0519148	
Doryteuthis pealei	71883eecc1e2f28199a9a79d82085fbf		6.5	0.8	1.0	5.68009e-05	0.1	0.95		18.6496		5489.27	0.0			2.46409		0.00403022	0.002		2372.8		71.1868	0.98002	0.00773128	
Dromaius novaehollandiae	e211d1636655d7a1b1f48fdb2c584dae		6.5	0.8	0.01	1.894e-17	0.1	0.95		28.1567		7319.17	0.0					93090.0	0.0016448		17990000.0		1041.01	0.96551	0.6718	
Ecdyonurus dispar	fd78ae082fb4e998ad66790ed51fc2b2	17341.4	6.5	0.8	1.0	2264.4	0.1	0.95		19.6484		4400.0	0.0					0.00241155	0.002		0.0617657		59.0643	0.40177	0.00213449	
Echinus affinis	e7cf9012297aa33bdaa907a4e2545d53		6.5	0.8	0.0001	6.316e-08	0.1	0.95		18.55		2352.0	0.0			0.4965		0.0005175	0.002		385.5		5.70709	0.705	0.0009146	
Egernia cunninghami	91fe397b8044dd1066106e58c5e37c52		6.5	0.8	0.0001	1.861e-10	0.1	0.95		37.61		7827.0	0.0					18690.0	0.002		589800.0		291.675	0.5818	0.02167	
Electrophorus electricus	3cef65beebb836d276014fb79322b074		6.5	0.8	0.0001	2.564e-08	0.1	0.95		17.94		5200.0	0.0					0.1824	0.002		21010.0		277.848	0.9782	0.01233	
Elephas maximus	6fb47237753f0901b5bb779c6e9e1369		6.5	0.0325068	0.1	2.69257e-12	0.8	0.95		21.3872		7838.83	0.0					7847460.0	0.002	27556000.0	162996000.0		1603.14	0.940328	0.0292382	11.6905
Engraulis encrasicolus	2abe41c8ee39bb550534f328bf4717a3		6.5	0.8	0.0001	8.464e-08	0.1	0.95		54.67		5077.0	0.0			0.6741		0.0001223	0.002		244.0		11.1372	0.9901	0.01944	
Enhydra lutris	f16ca52d25de7fb367832b86dac2e970		6.5	0.8	0.1	6.574e-15	0.1	0.97		339.669		7849.89	0.0					691500.0	0.002	11730000.0	44690000.0		4544.65	0.82778	0.032693	52.7565
Ensis directus	9535725bdbecb2f76d4461dc8a747406		45.1535	0.8	0.0001	2.51602e-07	0.1	0.95		31.0195		2353.48	0.0			0.000199273		6.68625e-08	0.002		54.7436		4.7281	0.971765	0.00149891	
Epinephelus marginatus	b19367bf6c4b12ca0ea001ea9953c9c9		6.5	0.8	0.0001	3.285e-11	0.1	0.95		10.0		5290.0	0.0			4.679		0.002018	0.002018		68300.0		16.2858	0.9714	0.01497	
Eptatretus stoutii	8c8fa2e6d0664f3f877f783a64beb1c6		6.5	0.8	0.0001	1.783e-07	0.1	0.95		26.51		4423.0	0.0					541.9	0.002		56710.0		219.75	0.5945	0.01842	
Erignathus barbatus	52717fb428839ec4ea46640eaad6ac88		6.5	0.8	0.1	2.95e-12	0.1	0.8		139.868		7839.51	0.0					12138000.0	0.002	15834200.0	252440000.0		4718.43	0.81207	0.029983	60.0
Erinaceus europaeus	cdc488ce6cf0ecb5a02221ef40111c12		6.5	0.8	0.1	1.76512e-20	0.1	0.95		106.316		7835.9	0.0					2927.87	0.002	58697.1	765104.0		1027.98	0.971927	0.26242	28.0672
Erpetoichthys calabaricus	c89d648572722980801c621e154ae462		6.5	0.8	0.0001	6.52e-10	0.1	0.95		17.03		5235.0	0.0					0.2588	0.002		10940.0		54.8299	0.9262	0.009734	
Eschrichtius robustus	b4385cf8dc677811a74fa6ae3cb43adc		6.5	0.8	0.2	1.23357e-14	0.1	0.95		22.2982		7843.78	0.0					31033500.0	0.002	66219300.0	1171650000.0		3336.95	0.945094	0.0570539	0.0
Esox lucius	491ad1cbf0ee6578c14c4a37b2580003		6.5	0.8	0.0001	1.67794e-08	0.1	0.95		10.225		5245.54	0.0					1.32028	0.002		221223.0		274.021	0.919556	0.0902788	
Etmopterus perryi	36a22def38a1931b3c9f9cb244396c01		6.5	0.8	0.0001	1.5e-09	0.1	0.95		18.57		5226.0	0.0					909.8	0.002		26320.0		71.3251	0.729	0.06	
Eubalaena glacialis	e45c4cf3665144ef83bb225e971a91e6		6.5	0.8	0.2	3.191e-15	0.1	0.95		144.829		7874.3	0.0					47290000.0	0.002	160700000.0	2386000000.0		13187.9	0.93904	0.047265	0.0
Eubosmina coregoni	dfa6a62de551465c295c3a3279b152b6		6.5	0.8	0.0001	2.252e-06	0.1	0.95		1400.0		4439.0	0.0					0.002922	0.002		0.03004		95.465	0.4882	0.02296	
Eulamprus quoyii	b7368b27759d92dfd69b19ba70fe7f0e		6.5	0.8	0.0001	4.896e-08	0.1	0.95		35.01		7827.0	0.0					1965.0	0.002		28930.0		141.613	0.6989	0.02282	
Eunectes murinus	a97cd0d051262be8ea1c9b162f28b25f		6.5	0.8	0.0001	3.68e-10	0.1	0.95		17.34		7851.0	0.0					432400.0	0.002		22390000.0		1534.15	0.3219	0.02233	
Euphausia superba	9b5816e13fe1783d6d65f7075aba514f		6.5	0.5785	0.0001	3.299e-07	0.37	0.95		452.6		4400.0	0.0					0.01491	0.002		329.2		504.204	0.8946	0.06037	
Euprymna hyllebergi	3fb01720b80e6677d2c8ff92d9908d60		6.5	0.8	1.0	0.000107682	0.1	0.95		20.1089		5487.27	0.0			98.4045		5.66954	0.002		3944.67		145.553	0.577327	0.0148152	
Euptilotis neoxenus	9e2e1359f85b411a7a1c34b7aa1151b5		6.5	0.8	0.01	1.497e-22	0.1	0.95		581.422		7315.04	0.0					1506.0	0.002		225200.0		2102.95	0.97857	0.16631	
Eurytemora affinis	b3cd8223fe63cbb356fab69438d3a23d		6.5	0.8	0.0001	0.0002214	0.1	0.95		1400.0		4400.0	0.0					2.6e-07	0.002		6.621e-05		17.7504	0.9993	0.00703	
Euspira nitida	79649390454e2a5fc41c8ea2ed2faaaf		6.5	0.8	0.0001	1.919e-08	0.1	0.95		295.33		3905.29	0.0			0.5053		0.002909	0.002		36.69		52.559	0.85662	0.01	
Falco naumanni	bc99d387d3a7b447bf1d951ef8111cc2		6.5	0.8	0.01	3.452e-29	0.1	0.95		746.507		7314.94	0.0					153.4	0.002		20080.0		3429.6	0.99739	0.85966	
Flustra foliacea	fd374d545f72678ced74b5f86d54deba		6.5	0.8	0.0001	4.697e-07	0.1	0.475		17.96		1831.0	0.0					2.045e-08	0.002		0.4716		28.736	0.8	0.002496	
Folsomia candida	bec653e78eb0e5dd43f92cc01e7cbd73		6.5	0.8	0.0001	8.154e-05	0.1	0.95		845.6		4314.0	0.0			0.05483		0.005193	0.002		0.1112		84.56	0.2226	0.003881	
Forpus passerinus	9dde78344c3ce809f5af4d35947c6ae0		6.5	0.8	0.01	1.791e-35	0.1	0.95		400.724		7319.67	0.0					679.4	0.002		131700.0		1055.65	0.94338	0.25905	
Fratercula arctica	80c12642c3ab7cc036ee3749463ca606		6.5	0.8	0.01	2.18e-20	0.1	0.95		320.436		7337.98	0.0					80340.0	0.002		10740000.0		2489.62	0.59959	0.099087	
Fulmarus glacialis	581a2dbd2bf9cfe395e49555c40f8a55		6.5	0.5	0.05	3.298e-139	0.1	0.95		537.13		7259.76	0.0					17620.0	0.002		6990000.0		4050.82	0.92873	0.35339	
Furcifer labordi	2d8fe0c4795645592bb8c62369df1cd0		6.5	0.8	0.5	2.5e-07	0.1	0.95		1000.0		7839.0	0.0					183.9	0.002		3023.0		1202.02	0.8494	0.02665	
Gadus morhua	9363f3f10179d965a3d7130fcdb3445c		6.5	0.8	0.0001	9.767e-08	0.1	0.95		21.57		5792.0	0.0			2.35		0.2013	0.002		297600.0		398.257	0.7198	0.08429	
Galago senegalensis	189e447f4b853cd7858295feb0c3f7b2		6.5	0.8	0.05	2.179e-36	0.1	0.95		74.02		7850.0	0.0					5444.0	0.002	100000.0	270400.0		422.994	0.9348	0.2338	120.3
Galeopterus variegatus	4dcbb7c6e643932361541981ae29374b		6.5	0.8	0.1	6.2756e-13	0.1	0.95		22.8326		7859.15	0.0					47247.5	0.002	341010.0	2179790.0		274.693	0.716774	0.0256097	26.8713
Gallinula chloropus	97e338fdcc541cc7d4a287cd2e478dd8		6.5	0.8	0.05	1.051e-47	0.1	0.95		304.958		7317.42	0.0					10140.0	0.002		3012000.0		1817.95	0.85783	0.20168	
Gallus gallus IR	e9bd1de9ad04b90064cf96a24cf98310		6.5	0.8	0.05	2.788e-30	0.1	0.95		43.8456		7453.29	0.0					198100.0	0.002		28560000.0		1187.65	0.52575	0.66481	
Gallus gallus	e9bd1de9ad04b90064cf96a24cf98310		6.5	0.8	0.05	7.616e-35	0.1	0.95		151.686		7311.16	0.0					1001.0	0.002		36310.0		1141.01	0.99118	0.12776	
Gallus gallus WL	e9bd1de9ad04b90064cf96a24cf98310		6.5	0.8	0.05	1.163e-13	0.1	0.95		178.143		7319.71	0.0					62540.0	0.002		11280000.0		2648.63	0.41337	0.043404	
Gammarus fossarum	0980a0ba53b8de0e3c9a1d97ec4f1ef0		6.5	0.8	0.0001	1.477e-06	0.1	0.95		463.8		4440.0	0.0			10.0		0.03955	0.002		10.01		30.6514	0.8805	0.01051	
Gammarus pseudolimnaeus	46665c47e08b50e65aa372a80c3e2436		6.5	0.8	0.0001	5.8892e-06	0.1	0.95		123.995		4435.99	0.0			0.93903		0.044068	0.002		4.5028		20.0137	0.91334	0.015096	
Gammarus pulex	7b6908ae7563c0d764397d8f1cbe6e04		6.5	0.8	0.0001	2.63807e-06	0.1	0.95		479.984		4441.71	0.0			3.12948		0.0492445	0.002		3.28879		48.2289	0.909932	0.0174111	
Gammarus roeseli	0980a0ba53b8de0e3c9a1d97ec4f1ef0		6.5	0.8	0.0001	5.314e-06	0.1	0.95		507.6		4437.0	0.0			35.17		0.1945	0.002		35.19		53.469	0.6633	0.0144	
Gasterosteus aculeatus	fd99ac97713444a54871ba5ae6555109		6.5	0.8	0.0001	3.887e-09	0.1	0.95		116.1		5224.0	0.0					0.1849	0.002		78.79		194.719	0.9844	0.07262	
Gavialis gangeticus	6bef8e5a76defdae652840a7b3416c9b		6.5	0.8	0.0001	4.661e-11	0.1	0.95		19.83		7847.0	0.0					68130.0	0.002		62560000.0		925.239	0.7407	0.02841	
Gavia immer	cfec88d8fcc43e7f03d1575d1c3f55a3		6.5	0.8	0.05	7.852e-41	0.1	0.95		262.801		7322.58	0.0					4140.0	0.0016994		3183000.0		3109.64	0.98599	0.31215	
Gavia stellata	82657d3390f0a0d5bc1349a48394f8d0		6.5	0.1382	0.05	1.995e-45	0.79367	0.95		386.771		7292.85	0.0					6615.0	0.001849		3329000.0		3292.43	0.97076	0.26374	
Genypterus blacodes	660b829aafcd7d46e774e3638a8d7a29		6.5	0.8	0.0001	4.668e-08	0.1	0.95		69.5		5152.0	0.0					0.4094	0.002		574500.0		1522.05	0.8	0.1009	
Geocrinia vitellina	12f5c1d4ba0f3475b80be1a3f53d8269		6.5	0.8	0.0001	8.325e-09	0.1	0.95		18.9		7322.0	0.0					45.44	0.002		1200.0		32.2314	0.6374	0.02236	
Glis glis	a35eaad2acaaf584762b9843f35c3dc5		6.5	0.8	0.1	7.261e-21	0.1	0.97		1357.92		7841.23	0.0					66.21	0.002	9734.0	186900.0		3186.38	0.97549	0.047219	18.0502
Gorgosaurus libratus	54cd15bf2e0366e56b694ffd4318a821		6.5	0.8	0.5	1.363e-11	0.1	0.95		15.35		7849.0	0.0					391900.0	0.002		149700000.0		939.859	0.7993	0.01513	
Gorilla gorilla	3525cf79aa420809edb33c4b6dd8601a		6.5	0.8	0.05	2.97e-12	0.1	0.95		43.56		7859.0	0.0					1571000.0	0.002	18680000.0	86900000.0		1385.49	0.5065	0.01353	0.1
Grus americana	1a22f8fb4ebe8e382b8685b187aafa18		6.5	0.8	0.01	1.099e-88	0.1	0.95		100.551		7300.21	0.0					42270.0	0.002		15770000.0		2042.05	0.95804	6.082	
Grus antigone	6a6879cee063dbe1eb1e589ccdbf7ecb		6.5	0.8	0.01	5.831e-63	0.1	0.95		91.9255		7304.17	0.0					22010.0	0.002		9433000.0		1893.31	0.97421	2.4219	
Grus canadensis	ee76f374ae7659a9cf9977645012b11e		6.5	0.8	0.01	1.306e-67	0.1	0.95		81.8711		7297.76	0.0					27530.0	0.002		8990000.0		1475.79	0.95781	2.5848	
Grus japonensis	6fde6b82ab0ac42b5d8bbd69e9433010		6.5	0.8	0.01	8.343e-72	0.1	0.95		54.3306		7273.56	0.0					27970.0	0.002		8280000.0		1168.16	0.96574	4.8321	
Grus leucogeranus	0ae95f5329e0e7fe075c002169e60746		6.5	0.8	0.01	2.264e-65	0.1	0.95		117.569		7284.76	0.0					38190.0	0.002		14270000.0		2156.38	0.95568	2.5592	
Grus monacha	0e419445ddc878e375c38fa9d9515969		6.5	0.8	0.01	8.237e-65	0.1	0.95		151.176		7306.54	0.0					28250.0	0.002		10290000.0		2336.0	0.95862	3.2318	
Grus rubicundus	91e043fbcde2082b7347fce518462e0e		6.5	0.8	0.01	2.645e-71	0.1	0.95		95.3346		7296.49	0.0					29250.0	0.002		10710000.0		1787.4	0.96198	3.1906	
Grus vipio	28717f30fbb5ef2ba20f85bb587a54d5		6.5	0.8	0.01	1.483e-79	0.1	0.95		107.904		7304.14	0.0					39750.0	0.002		12870000.0		1950.95	0.95427	2.5266	
Grus virgo	987b70eac098e65fbf96b62c25c06f86		6.5	0.8	0.01	3.724e-70	0.1	0.95		223.357		7308.55	0.0					24140.0	0.002		11190000.0		3089.8	0.95765	2.8524	
Haematopus moquini	35a448e347c4bb7b28695e9fcb3c744b		6.5	0.8	0.01	1.729e-32	0.1	0.95		374.29		7318.57	0.0					4807.0	0.002		1403000.0		2604.32	0.9746	0.35944	
Halichoerus grypus	571ff3eefa181344bc8dd6e8a54886ce		6.5	0.8	0.1	2.549e-13	0.1	0.95		37.5197		7824.85	0.0					20540000.0	0.002	23380000.0	259300000.0		1885.9	0.56516	0.029612	100.0
Halobatrachus didactylus	179d2ac7f27322ede597a170364b80a9		6.5	0.8	0.0001	2.261e-08	0.1	0.95		18.94		5229.0	0.0					38.49	0.002		45270.0		231.974	0.6851	0.01687	
Hemicentetes semispinosus	2a69b74156efdf595db62090e21e94f5		6.5	0.8	0.1	5.23715e-10	0.1	0.95		244.737		7808.79	0.0					6428.23	0.002	24676.5	457375.0		1006.36	0.86748	0.051472	37.5799
Heptranchias perlo	5bbba314cd44233980889b7db2091025		6.5	0.8	0.0001	5.422e-09	0.1	0.95		26.57		5226.0	0.0					121300.0	0.002		8821000.0		837.672	0.4152	0.1098	
Heterocephalus glaber	578ce28e305022faa88b77f2b880502f		6.5	0.8	0.01	1.2332e-17	0.1	0.95		85.9821		7828.36	0.0					6034.66	0.002	33269.7	484906.0		385.438	0.65261	0.116	63.6804
Heterodontus portusjacksoni	ea78d30dbfede623a294ebd70f2efd83		6.5	0.8	0.0001	1.978e-08	0.1	0.95		15.21		5235.0	0.0					93450.0	0.002		7873000.0		418.226	0.3895	0.02166	
Heteronotia binoei	9d3714402a1d195c7d861c0b1f840bd8		6.5	0.8	0.0001	1.368e-10	0.1	0.95		41.2		7825.0	0.0					1023.0	0.002		14950.0		110.239	0.4937	0.01739	
Himantopus mexicanus	1f5847657f78653cd8be6e4f828a1c0d		6.5	0.8	0.01	2.493e-32	0.1	0.95		388.219		7318.54	0.0					4833.0	0.002		1233000.0		1966.01	0.94096	0.47142	
Hiodon tergisus	9847fa5ddb60890788abf8bc9ce686a5		6.5	0.8	0.0001	3.041e-08	0.1	0.95		250.0		5224.0	0.0					1.602	0.002		1039000.0		1249.66	0.7394	0.07969	
Hippocampus whitei	46216a4024c47e7b05bf40754e15647e		6.5	0.8	0.0001	2.528e-08	0.1	0.95		52.67		5169.0	0.0					112.5	0.002		2731.0		159.704	0.5534	0.05608	
Hippopotamus amphibius	d122689ccde0015d1426a4f7af9fa1be		6.5	0.8	0.1	6.38558e-13	0.1	0.95		21.7054		7843.26	0.0					873376.0	0.002	5653860.0	32407000.0		1899.12	0.985684	0.0561094	0.0
Hirundichthys affinis	dcc59c1ff44e5086c007ead8f39618f7		6.5	0.8	0.0001	1.318e-07	0.1	0.95		112.9		5224.0	0.0					0.9751	0.002		30660.0		636.107	0.9389	0.1186	
Holocentrus adscensionis	09be05d2d25f1e7254c0380f441b7fa3		6.5	0.8	0.0001	1.636e-09	0.1	0.95		61.17		5221.0	0.0					0.0007625	0.002		433.0		538.444	0.9945	0.04622	
Homo sapiens	e3b90576561f93a8ac8b59e185b01511		6.5	0.25	0.1	1.205e-21	0.4	0.95		9.21406		7855.1	0.0					1253530.0	0.002	3938800.0	18991300.0		342.241	0.882169	0.0509786	148.105
Hydra viridissima	19190e1a47af46b36c952ecf9b80588d		6.5	0.8	0.0001	6.546e-18	0.1	0.95		61.08		261.0	0.0					0.001884	0.002		0.02273		8.58681	0.6106	0.0428	
Hydrochoerus hydrochaeris	cdece5c9f966826ad8a4f0b6b1c70d4c		6.5	0.8	0.1	2.5781e-22	0.1	0.95		26.9044		7796.02	0.0					581239.0	0.002	1092380.0	37925900.0		1245.33	0.93819	0.59275	127.01
Hydrocynus vittatus	ed61d5b61ce91a6d34fbca8211ce5a9c		6.5	0.8	0.0001	5.838e-09	0.1	0.95		6.245		5235.0	0.0			43.78		3.879	0.002		2965000.0		128.974	0.5273	0.03654	
Hylobates lar	b567774eedd1fd38ce9a26e2fddfc628		6.5	0.8	0.05	8.655e-13	0.1	0.95		7.074		7840.0	0.0					61720.0	0.002	185300.0	639100.0		111.731	0.925	0.01394	0.0
Hypsibius convergens	779e48ba14edf4787cd08b7e7401e63b		6.5	0.8	0.0001	2.152e-08	0.1	0.95		416.7		1822.0	0.0			1.257e-05		5.016e-06	0.002		4.831e-05		2.91012	0.9409	0.001776	
Hypsibius oberhaeuseri	1bd832ac6d7bb295abbd24520dbf0798		6.5	0.8	0.0001	4.319e-08	0.1	0.95		387.1		1828.0	0.0			6.106e-06		1.519e-06	0.002		1.637e-05		3.33114	0.9766	0.001139	
Hystrix africaeaustralis	2acff5dbbbdae886a56163692f0c86bb		6.5	0.8	0.1	1.72434e-35	0.1	0.95		61.7906		7827.55	0.0					152181.0	0.002	4291030.0	14423800.0		1315.08	0.926783	0.324866	81.1658
Ichthyophis kohtaoensis	897f721335748e93117c84bae4a39427		6.5	0.8	0.0001	3.714e-09	0.1	0.95		25.11		7313.0	0.0			30530.0		2885.0	0.002		88690.0		97.4379	0.7695	0.03078	
Kryptolebias marmoratus	8c24a2a18bf61d804420086edc99c306		6.5	0.8	0.0001	2.019e-08	0.1	0.95		193.0		5222.0	0.0					0.7696	0.002		8.571		139.591	0.8398	0.01045	
Lacerta agilis	7e1a059719ca73323daa52f23a19a64d		6.5	0.8	0.0001	7.819e-09	0.1	0.95		65.73		7832.0	0.0					390.8	0.002		18970.0		155.912	0.793	0.02887	
Lacerta strigata	13b6f7649bd9cb39390aa38518fca717		6.5	0.8	0.0001	1.339e-08	0.1	0.95		27.96		7829.0	0.0					2383.0	0.002		31380.0		124.753	0.5686	0.02265	
Lagorchestes conspicillatus	68f725633c4212acffbfa1a59952cdd4		6.5	0.371	0.1	4.65585e-11	0.1	0.95		52.6762		7832.64	0.0					372.959	0.002	1088820.0	2738170.0		711.277	0.767409	0.0329712	17.0
Lagorchestes hirsutus	e886ae8ef2084c39d3da70956b52cf31		6.5	0.371	0.1	1.86502e-24	0.3474	0.95		47.5152		7833.45	0.0					954.113	0.002	1389380.0	4564120.0		604.89	0.763675	0.151427	27.1944
Lagostrophus fasciatus	37ca2270c6d654da367c38945787f398		6.5	0.8	0.1	5.0747e-11	0.1	0.95		38.3039		7829.09	0.0					113.797	0.00202312	556203.0	718947.0		413.619	0.899677	0.0426542	16.1487
Lampetra planeri	7849536da20a2a4d44365ac33b8c8b98		6.5	0.8	0.5	3.345e-26	0.1	0.95		50.15		3235.0	0.0					127.2	0.002		24060.0		241.261	0.4413	0.2763	
Larus argentatus	5df2cbd6bb428a00eeed203289a3564b		6.5	0.8	0.01	2.471e-43	0.1	0.95		360.355		7329.53	0.0					3809.0	0.002		1113000.0		2937.92	0.98574	0.43436	
Latimeria chalumnae	46ffe2e071c4d553d33e36794a179846		6.5	0.8	0.0001	2.50386e-09	0.1	0.95		19.0595		5229.38	0.0					125605.0	0.002		27455400.0		716.317	0.725277	0.0478276	
Lemmus trimucronatus	6d229d483afce29dae4bee95e6d4cca0		6.5	0.8	0.1	6.29e-22	0.1	0.95		238.685		7836.17	0.0					1108.0	0.002	6760.0	20400.0		828.419	0.95051	0.19018	14.4825
Leontopithecus rosalia	34fc90bc0247a67e5691c7c947624599		6.5	0.8	0.05	1.67447e-29	0.1	0.95		32.3828		7817.2	0.0					249069.0	0.002	1384700.0	5263170.0		455.848	0.545626	0.119905	112.574
Lepadogaster lepadogaster	e51f4ae6bb47355df4b30132303ea92b		6.5	0.8	0.0001	5.237e-09	0.1	0.95		48.84		5218.0	0.0					0.6346	0.002		360.6		84.091	0.9589	0.04848	
Lepidochelys kempii	54e9e281f6d060b3f03a3d1295107826		6.5	0.8	0.0001	1.421e-09	0.1	0.95		20.17		7841.0	0.0					13240.0	0.002		36480000.0		728.321	0.6929	0.04241	
Lepidochitona cinerea	75dec12407157ff88b7093da4cd037b8		6.5	0.87759	0.0001	7.159e-07	0.0012322	0.95		69.8482		2610.55	0.0			8.429e-06		6.32e-06	0.002		0.3248		116.284	0.99843	0.029375	
Lepilemur mustelinus	e8bfdcc70cea2d77b9b54a143392afc8		6.5	0.8	0.05	1.384e-24	0.1	0.95		63.69		7850.0	0.0					18600.0	0.002	303900.0	1643000.0		555.273	0.8973	0.1788	124.6
Lepisma saccharina	a5b311bccb146809dd1359c610f67f41		6.5	0.8	0.0001	2.423e-07	0.1	0.95		113.8		4422.0	0.0			0.6276		0.1024	0.002		2.814		21.0017	0.8854	0.003825	
Lepomis cyanellus	cc83144368365e74204374b9f7db5de9		6.5	0.8	0.0001	2.41363e-09	0.1	0.95		17.2		5223.68	0.0			0.0120521		0.0120521	0.002		229.662		148.152	0.991106	0.0620576	
Leptodora kindtii	d8f23f51d85cb363bede2f3632517e87		6.5	0.8	0.0001	8.23536e-06	0.1	0.95		43.4573		812.1	0.0					0.000322818	0.002		0.00169181		15.264	0.985216	0.103793	
Leptosomus discolor	fb7bb155923268f8cec398b5e34a27b5		6.5	0.8	0.01	5.666e-21	0.1	0.95		25.7113		7310.14	0.0					150.3	0.0019573		1847.0		156.005	0.99259	0.21971	
Lepus europaeus	2c10e1e11456722cf2f9741fec368a71		6.5	0.8	0.1	6.3524e-16	0.1	0.95		321.457		7631.1	0.0					32256.1	0.002	210953.0	5802300.0		3143.09	0.9251	0.10096	24.6633
Leucoraja erinacea	2b6c3cc7234a53cc6229a9883c9075af		6.5	0.8	0.0001	2.261e-07	0.1	0.95		29.24		5222.0	0.0					5871.0	0.002		1222000.0		349.015	0.6084	0.05341	
Limnodromus griseus	e45c6cab6f6609688ad3f1f3fcd1ff3f		6.5	0.8	0.01	5.517e-38	0.1	0.95		193.015		7303.12	0.0					666.3	0.002		10100.0		885.183	0.99174	0.81672	
Limosa haemastica	33c1fb3078fbaabe8a5b2112bece7d67		6.5	0.8	0.01	1.615e-40	0.1	0.95		217.994		7315.84	0.0					4507.0	0.002		863200.0		1397.46	0.96304	0.45902	
Lissotriton vulgaris	8eb8ecd651629c0276ce18bb308d38e8		6.5	0.8	0.0001	5.735e-09	0.1	0.95		83.79		7310.0	0.0					0.1505	0.002		186.5		104.715	0.9386	0.0223	
Locusta migratoria	9e147038cfb1f0aa33bcd94248a2d984		6.5	0.8	0.0001	0.00396616	0.1	0.95		18.0019		4445.68	0.0					10.4443	0.002		700.815		830.816	0.796925	0.0245902	
Lophius piscatorius	8fd2675f789a62f4c680eef9c95d494f		6.5	0.8	0.0001	3.264e-08	0.1	0.95		20.48		5226.0	0.0			160.2		5.554	0.002		3248000.0		281.162	0.6316	0.04243	
Lophophanes cristatus	cd1512991114f0bcfd9c50282ed817d7		6.5	0.8	0.01	1.428e-22	0.1	0.95		1162.18		7317.55	0.0					212.1	0.002		87000.0		1963.4	0.95921	0.1146	
Loris tardigradus	ef762a80ccc68823da1b199ae0301698		6.5	0.8	0.05	1.65761e-26	0.1	0.95		70.5805		7840.73	0.0					5520.08	0.002	155748.0	380817.0		419.544	0.927078	0.163619	156.293
Loxodonta africana	7b498777d8b86d615d26fb2555362a5d		6.5	0.01	0.1	9.99534e-13	0.9	0.95		15.6942		7844.72	0.0					23292400.0	0.002	118343000.0	534848000.0		1401.5	0.842131	0.0289339	54.7268
Lymnaea stagnalis	ea77dedfde3d3bd9b1d45805c6cde119		6.5	0.8	0.0001	1.287e-05	0.1	0.475		58.57		3900.0	0.0			50.1		0.285	0.002		496.6		25.2049	0.6876	0.01394	
Macaca mulatta	8302d6488dd331326b175296ccfbab12		6.5	0.8	0.05	1.52444e-15	0.1	0.95		8.79762		7894.4	0.0					641736.0	0.002	1496350.0	4680470.0		195.175	0.797138	0.0701268	99.4585
Macoma balthica	7752e8e469ee3f69471f23a73bb94786		6.5	0.8	0.0001	7.105e-09	0.1	0.95		136.5		2350.0	0.0			0.005257		3.769e-06	0.002		0.7695		11.9834	0.9951	0.01374	
Macrobiotus hufelandii	cdf5e8f2aaf144fd5170f295c272c445		6.5	0.8	0.0001	1.785e-07	0.1	0.95		28.79		1822.0	0.0			0.0001071		7.731e-05	0.002		0.0002036		1.01161	0.8942	0.001032	
Macropus agilis	836cb084ad966ce1b076f68c8ee96cde		6.5	0.371	0.1	4.66763e-12	0.3474	0.95		27.4791		7838.82	0.0					254.158	0.00199263	1253120.0	1896480.0		542.966	0.859712	0.0333316	19.266
Macropus antilopinus	a3ad146035807271d4c927c78c191a41		6.5	0.8	0.1	2.22265e-11	0.1	0.95		31.0783		7828.7	0.0					471.627	0.00189611	8325600.0	14734100.0		717.211	0.807015	0.054894	29.2
Macropus eugenii	3122737d84947ba114ffb6f396b21872		6.5	0.371	0.1	4.4406e-20	0.3474	0.95		48.1501		7889.25	0.0					217.29	0.00231557	1877930.0	3461200.0		716.684	0.88832	0.129512	25.442
Macropus fuliginosus	c71786cbfbff0f76624c73efcca4cdf1		6.5	0.371	0.1	3.12348e-13	0.3474	0.95		28.0858		7833.27	0.0					492.602	0.00201805	5192530.0	15663600.0		768.921	0.799906	0.0461396	30.3
Macropus giganteus	9e81e89d48f74c749a1895f37ed33f1b		6.5	0.371	0.1	5.47504e-15	0.3474	0.95		24.4565		7847.36	0.0					877.377	0.002	8125660.0	23815300.0		747.779	0.7596	0.067345	30.2286
Macropus parma	562a352c8d1a274b7d6167186f2afc49		6.5	0.371	0.1	8.55871e-12	0.3474	0.95		71.3328		7816.51	0.0					151.407	0.002	1539870.0	2544800.0		792.204	0.865651	0.0349875	22.8656
Macropus rufogriseus	6adcb8c69536b16f12dbd411354abec2		6.5	0.371	0.1	1.86e-11	0.3474	0.95		27.92		7950.0	0.0					398.9	0.002	4899000.0	7225000.0		603.788	0.8083	0.05401	20.6
Macropus rufus	3029b1dda9dc6bbc86de28d511e30b9c		6.5	0.371	0.1	6.379e-17	0.3474	0.95		22.42		7163.0	0.0					591.6	0.002	4028000.0	13770000.0		694.92	0.8327	0.09691	28.5
Macroscelides proboscideus	a7c9d1f954a2b7ad2ab9a93e86028ced		6.5	0.8	0.01	1.33821e-20	0.1	0.95		280.212		7830.26	0.0					3830.48	0.002	28947.5	71939.5		984.179	0.933602	0.751403	58.6646
Magellania fragilis	397256b281a713c08dd827ce925a4418		6.5	0.8	0.0001	7.68076e-10	0.1	0.95		1.85423		1831.39	0.0					0.00109668	0.002		49.7539		3.614	0.811989	0.0104448	
Maiasaura peeblesorum	a8a49429384c6e0baa7d523cfa760e16		6.5	0.8	0.5	4.384e-17	0.1	0.95		21.8		7826.0	0.0					3763.0	0.002		28010000.0		2331.26	0.9959	0.1935	
Makaira nigricans	930ec996aa327e096938cdd7627300d6		6.5	0.8	0.0001	2.675e-10	0.1	0.95		16.39		5232.0	0.0			2.157		0.005604	0.002		824500.0		142.067	0.9909	0.01192	
Mallotus villosus	6de343f6ed58029def4a6735f32b7771		6.5	0.8	0.0001	6.935e-07	0.1	0.95		20.27		5227.0	0.0					0.02919	0.002		1732.0		88.7848	0.8808	0.04041	
Mamenchisaurus spec	09080b2ff70ef25106845e16faaaeba6		6.5	0.8	0.5	2.165e-15	0.1	0.95		18.04		7845.0	0.0					510900.0	0.002		971200000.0		2382.07	0.8997	0.02004	
Manduca sexta	ed22ff1ba0332e482333ac955e210c42		6.5	0.2	1.0	146.2	0.5	0.95	2.161e-28	32.49		4414.0	0.0	0.999			7496.0	0.01474	0.002				4820.61	0.6665	0.007998	
Manis crassicaudata	c6f6a1d7ab301db524adf1c7d6330fe3		6.5	0.8	0.1	1.07784e-12	0.1	0.95		21.7754		7840.3	0.0					60098.9	0.002	164332.0	1455760.0		431.692	0.963294	0.0752581	0.0
Manta birostris	a8df6db60161ecbce7691570e5ce3b33		6.5	0.8	0.0001	4.881e-10	0.1	0.95		15.21		5237.0	0.0					424500.0	0.002		23570000.0		1229.47	0.9746	0.1135	
Marmota flaviventris	5032fb08abb378e862f86ede07e0bd88		6.5	0.8	0.1	2.933e-22	0.1	0.97		636.335		7840.59	0.0					17820.0	0.002	653800.0	35190000.0		5814.09	0.70403	0.064409	15.4021
Mastacembelus erythrotaenia	9f4397e88523d3980ca643eb8822e6fc		6.5	0.8	0.0001	5.88e-09	0.1	0.95		21.44		5226.0	0.0					0.001016	0.002		308.4		264.032	0.9996	0.02089	
Megalops atlanticus	17dc53c92491078c7b4c95be788a6908		6.5	0.8	0.0001	4.508e-10	0.1	0.95		17.61	0.05	5236.0	0.0		22.5			0.0002352	0.002		84550.0	1.296	406.038	0.978	0.006734	
Meganyctiphanes norvegica	5f895dc8e3d3fb0271a3c2069716b463		6.5	0.3281	0.0001	2.287e-06	0.5	0.95		152.5		4400.0	0.0					0.01678	0.002		39.2		154.44	0.8645	0.06913	
Melanitta perspicillata	f9894443879efbdfd2b1b84dddc7b32a		6.5	0.8	0.1	7.616e-85	0.1	0.95		192.839		7335.99	0.0					20020.0	0.002		5361000.0		1816.13	0.91435	0.54793	
Meles meles	423f1dbd6d3e388a3382399597913189		6.5	0.8	0.1	1.339e-20	0.1	0.97		52.11		7850.0	0.0					2998.0	0.002	108000.0	988300.0		1018.87	0.9917	0.1851	36.11
Melopsittacus undulatus	f683faf1a057f5da3a1c30c0bbaf51fd		6.5	0.8	0.01	1.33e-46	0.1	0.95		404.49		7319.37	0.0					62.49	0.002		13080.0		1382.26	0.99377	0.49446	
Mergus merganser	300aa73946e7a9245786477c91a74509		6.5	0.8	0.01	7.461e-13	0.1	0.95		417.601		7310.38	0.0					44010.0	0.002		21380000.0		3797.24	0.57265	0.062488	
Mergus serrator	cbe66f861f86562456b2d7e1ef5de373		6.5	0.8	0.01	2.241e-15	0.1	0.95		481.592		7307.63	0.0					50340.0	0.002		24040000.0		4315.73	0.58665	0.10231	
Merlangius merlangus	ab575c19c518950c34e2773154585474		6.5	0.8	0.0001	8.563e-09	0.1	0.95		49.8		5230.0	0.0			51.94		0.4575	0.002		103800.0		261.044	0.5458	0.05281	
Mesitornis variegatus	a990bffed92b9b55d3f6cfb8572597e8		6.5	0.8	0.1	7.507e-23	0.1	0.95		27.0498		7303.0	0.0					380.4	0.002		1343.0		119.162	0.98568	0.041316	
Mesocyclops leukarti	eb76a8aa998d1b3614cbeef939cbe8a5		6.5	0.8	0.0001	4.109e-05	0.1	0.95		1400.0		4400.0	0.0					7.041e-06	0.002		0.0006173		17.6044	0.9893	0.00703	
Microcebus murinus	fed2451960a842ce940ad5d48d81d81c		6.5	0.8	0.05	2.279e-31	0.1	0.95		44.08		7850.0	0.0					43190.0	0.002	128300.0	985900.0		332.883	0.4971	0.2695	56.8
Microtus cabrerae	f79ac11999508ad757439910090b87b0		6.5	0.8	0.1	3.939e-23	0.1	0.95		475.628		7845.75	0.0					490.378	0.002	7173.93	22385.2		1414.62	0.9694	0.14537	18.5349
Milnesium tardigradum	063fd91ca8ab9f5dd77628fc62aa3df3		6.5	0.8	0.0001	3.425e-08	0.1	0.95		40.13		1806.0	0.0			7.921e-05		5.881e-05	0.002		0.0003561		1.42665	0.9305	0.005628	
Mirounga leonina	7a1805d7e2224550b70452e4ab73e14a		6.5	0.8	0.1	2.624e-12	0.1	0.95		9.68		7779.0	0.0					76360000.0	0.002	78940000.0	262400000.0		820.633	0.6076	0.06231	0.1
Mnemiopsis leidyi	1c0c292c0300677f3bce686e31495b3e		18.0	0.8	0.0001	9.63e-07	0.1	0.475		109.2		78.56	0.0			5.419		0.0001685	0.002		37.03	0.864	148.625	0.3911	0.03153	
Mola mola	ad52cc37a5ce66e98b9ba0195b9d8cb7		6.5	0.8	0.0001	6.114e-11	0.1	0.95		20.43		5226.0	0.0					1.275	0.002		434000000.0		2716.43	0.7912	0.5959	
Moniliformis dubius	2db31682f5ec69386b23ea4212b709b1		6.5	0.8	0.0001	5.097e-07	0.1	0.95		60.04		1817.0	0.0					1.774	0.002		73.25		72.8888	0.8855	0.03228	
Monodon monoceros	ac12a283ac3c3ecb7c86d02da8dfaacc		6.5	0.8	0.1	1.278e-15	0.1	0.95		17.5301		7860.49	0.0					54880000.0	0.002	165700000.0	466700000.0		1355.26	0.68159	0.039531	3.9317e-09
Motacilla flava	eca91fcd14896fe760fc1c8eef9774bf		6.5	0.8	0.01	3.347e-22	0.1	0.95		2845.78		7323.06	0.0					29.93	0.002		39960.0		4539.96	0.99133	0.19597	
Mus musculus	5f6ab51900f4bd06a67e6edf454d72dc		6.5	0.8	0.1	4e-11	0.1	0.95		28.58		7827.0	0.0					3142.0	0.002	6230.0	10914.0		130.808	0.754	0.0915	10.3
Mya arenaria	b8018df2338b52a3f82bb35f20327198		6.5	0.8	0.0001	6.91815e-10	0.1	0.95		8.36435		2365.64	0.0			16.4053		0.00283816	0.002		181.471		3.21562	0.809556	0.06593	
Myoxocephalus scorpius	ea0a01317e2536d0439b2698488001d6		6.5	0.8	0.0001	2.937e-08	0.1	0.95		6.723		5216.0	0.0			533.9		7.947	0.00226		100100.0		206.685	0.3109	0.01447	
Myrmecophaga tridactyla	99e9905aadb48ff76d1717ea7020ecb7		6.5	0.8	0.1	4.03733e-16	0.1	0.95		14.3065		7857.28	0.0					2051300.0	0.002	2817600.0	22660100.0		470.886	0.798962	0.12166	105.707
Mysis mixta	75d47759bf7d4d79eaa4107c2c0423c0		6.5	0.8	0.0001	2.166e-05	0.1	0.95		400.0		4400.0	0.0			15.88		3.404	0.002		47.41		114.206	0.6483	0.01409	
Mytilaster minimus	bf5b0501c3db505732b751a445a2396d		6.5	0.7	0.0001	1.011e-10	0.1	0.95		19.28		2348.0	0.0			0.3704		0.0001281	0.002		2.401		1.2726	0.8678	0.04576	
Mytilus californianus	073e0f457f10e18f5ea034cfe0c48c20		6.5	0.7	0.0001	2.06242e-09	0.1	0.95		5.00936		2348.0	0.0			8.18592e-06		6.30227e-07	0.002		5.86071		9.3412	0.991189	0.0162408	
Mytilus edulis	fd90faaa60b00c787b864db5935122a0		105.6	0.9485	0.0001	4.698e-09	0.0493	0.95		2.039		2348.0	0.0			4.345e-07		4.287e-07	0.002		0.7263		9.8619	0.9947	0.05004	
Mytilus galloprovincialis	04790e322405f377d0e822187e2d7404		6.5	0.7	0.0001	2.94259e-09	0.1	0.95		8.98252		2348.0	0.0			1.61951e-05		6.27069e-07	0.002		19.2838		7.98093	0.987065	0.0077519	
Mytilus trossulus	b22222da5f4fd8e0e68afc05d8705c9b		6.5	0.7	0.0001	2.033e-07	0.1	0.95		29.83		2348.0	0.0			0.001325		0.0001909	0.002		2152.0		47.8622	0.8981	0.02524	
Myxine glutinosa	479e73c761b0b5e206c1fbcd072a884b		6.5	0.8	0.0001	3.345e-08	0.1	0.95		80.34		4418.0	0.0					730.5	0.002		65370.0		478.869	0.76	0.09756	
Nasalis larvatus	627feeca55633fa8364d77479cf765a8		6.5	0.8	0.05	6.55529e-16	0.1	0.95		8.91801		7862.8	0.0					625573.0	0.002	1785730.0	7704550.0		232.329	0.832991	0.148577	134.885
Natrix natrix	27ec70b00734b68213ff0972f7360650		6.5	0.8	0.0001	4.833e-09	0.1	0.95		25.58		7834.0	0.0					6942.0	0.002		342200.0		291.142	0.5935	0.02665	
Neoceratodus forsteri	f3f583180b1b6979f36e97c7c6a5a23c		6.5	0.8	0.0001	2.107e-10	0.1	0.95		13.04		5731.0	0.0					0.01805	0.002		38780.0		277.461	0.9987	0.0173	
Notopterus notopterus	4fcb49f6bfd5870b3cfababf5e802016		6.5	0.8	0.0001	1.224e-09	0.1	0.95		18.49		5200.0	0.0					0.2648	0.002		1454.0		167.976	0.9942	0.0192	
Numenius phaeopus	19bd674744e8fd0eda79a3b09a47568d		6.5	0.8	0.01	2.215e-41	0.1	0.95		185.32		7330.86	0.0					10280.0	0.002		1309000.0		1309.67	0.94961	0.74347	
Nycticebus coucang	3cbe6f36284dc50c72e4dd60e01eade9		6.5	0.8	0.05	2.06661e-30	0.1	0.95		33.4006		7805.16	0.0					15865.9	0.002	251692.0	584285.0		330.112	0.949912	0.231466	175.984
Octolasion cyaneum	c39d48b8d317b85403b3500a610f0be7		6.5	0.8	0.0001	3.071e-09	0.1	0.95		959.2		4218.0	0.0					0.7336	0.002		287.6		754.502	0.9817	0.031	
Octopus cyanea	8e622e1b7f9777d3f33c42f52836d21a		6.5	0.8	1.0	4.018e-05	0.1	0.95		21.14		5461.0	0.0			543.3		0.08724	0.002		103400.0		150.131	0.6497	0.003128	
Octopus maya	01fe079c62706c970beb455711158713		6.5	0.8	1.0	0.000446	0.1	0.95		19.0		5478.0	0.0			349.9		0.2532	0.001		30500.0		596.108	0.7452	0.003347	
Octopus vulgaris	68dbab9ebc28639002befc34e2ffe516		6.5	0.8	1.0	0.0008267	0.1	0.95		18.65		5510.0	0.0			12.67		1.2e-05	0.002		1206.0		54.1584	0.9983	0.00182	
Odobenus rosmarus rosmarus	e0b6f3f450ac4d0393778f97dbccdb75		6.5	0.8	0.1	7.667e-12	0.1	0.95		19.4786		7846.98	0.0					16300000.0	0.002	63340000.0	153700000.0		1168.9	0.82676	0.030411	8.1342e-11
Odocoileus virginianus	49c19661f2a48ff49d60d571f9f827ca		6.5	0.5	0.3	5.66103e-23	0.32	0.95		54.3854		7884.18	0.0					1808450.0	0.002	17556600.0	41094700.0		1764.2	0.8993	0.119087	48.8761
Odontaster validus	9da6a4806559abb475558069f7086367		6.5	0.8	0.0001	9.003e-09	0.1	0.95		12.59		2348.0	0.0			0.4017		0.003334	0.002		1149.0		12.2517	0.815	0.008859	
Oikopleura dioica	a0baaf22d884c493e15b87b9e7df0393		496.0	0.8	5.0	5.163e-10	0.1	0.95		1300.0		1374.0	0.0					0.0005993	0.001		0.0005994		266.5	0.2	0.042	
Oikopleura longicauda	96345fc075fb3f226692bc86808fced3		496.0	0.8	5.0	5.163e-10	0.1	0.95		1300.0		1374.0	0.0					0.0005993	0.001		0.0005994		266.5	0.2	0.042	
Oligoneuriella rhenana	98265cc9272cbad448432d8f8db5f757	12839.5	6.5	0.8	1.0	278.996	0.1	0.95		18.1042		4400.0	0.0					0.0015275	0.002		0.0112901		17.2188	0.53299	0.000964016	
Oncorhynchus mykiss	d11b35db644cc45d76ccd8ad31452045		6.5	0.8	10.0	3.195e-47	0.1	0.95		133.8		5025.0	0.0			421.0		52.95	0.001991		1708000.0		1399.93	0.6935	0.0379	
Oncorhynchus tshawytscha	566c1a149d7757a7b5ba252a5186fbbf		6.5	0.8	10.0	8.321e-21	0.1	0.95		20.56		5242.0	0.0			71470.0		1389.0	0.001396		4768000.0		411.111	0.4612	0.07753	
Onychogalea fraenata	38206e3877fe578667a6fa6a3996e930		6.5	0.371	0.1	8.482e-14	0.3474	0.95		117.8		7837.0	0.0					37.38	0.002	860600.0	1110000.0		1304.25	0.9583	0.09631	20.15
Opisthocomus hoazin	ad3bcef887f4c268792c37f0d373faff		6.5	0.8	0.05	1.35e-31	0.1	0.95		391.428		7338.63	0.0					216.0	0.0019767		2672.0		2079.02	0.99654	0.079277	
Opsanus tau	eabf208a108044b4e9b995e267e3cbed		6.5	0.8	0.0001	1.718e-07	0.1	0.95		16.97		5230.0	0.0					105.5	0.002		504900.0		308.135	0.4961	0.0346	
Orcinus orca	0d0c95b9ba62095a56695f520e3a09ce		6.5	0.8	0.1	5.4e-14	0.1	0.95		24.074		7831.72	0.0					43700000.0	0.002	143800000.0	767900000.0		1919.71	0.75973	0.037713	0.0
Ornithorhynchus anatinus	3bc186304963c8d2e15564c630a7021e		6.5	0.8	0.1	1.52457e-21	0.1	0.95		222.131		7828.98	0.0					1.70301	0.00218072		98083.2		1988.57	0.998609	0.121075	
Orycteropus afer	fa01640674c52e1bc9664c729beebce7		6.5	0.8	0.1	1.67241e-13	0.1	0.959		33.8252		7831.34	0.0					251130.0	0.002	907165.0	7647270.0		963.881	0.959542	0.0692771	121.779
Oryctolagus cuniculus	0488cb00ad3e3545c4c28f8feaf747e0		6.5	0.8	0.1	8.856e-13	0.1	0.95		141.551		7843.17	0.0					71724.1	0.002	511549.0	41124200.0		2546.62	0.43063	0.044457	8.1682
Osmerus mordax	a3b21f18440ced89a25d39ddfedd990a		6.5	0.8	0.0001	1.434e-06	0.1	0.95		27.52		5212.0	0.0					0.009804	0.002		2106.0		141.289	0.9511	0.0262	
Osteoglossum bicirrhosum	72895daedd532e7e22d3cefc27328304		6.5	0.8	0.0001	2.227e-10	0.1	0.95		21.0		5200.0	0.0					10.37	0.002		59940.0		329.428	0.9868	0.03717	
Ostrea edulis	3063d7e4904e854f23e2d5ac9861a140		12.0	0.8	0.0001	1.152e-07	0.1	0.95		28.88		2374.0	0.0			0.003699		0.0004649	0.002		525.6		26.3138	0.6471	0.005086	
Ovibos moschatus	e4475739e4b72bc21e5596c1e24de11e		6.5	0.8	0.3	6.497e-27	0.1	0.95		16.8568		7846.23	0.0					11560000.0	0.002	37250000.0	179000000.0		1003.24	0.82338	0.16176	20.9987
Pagellus erythrinus	cf65e6afffa559b72e5b5b8afebdae91		6.5	0.8	0.0001	1.914e-09	0.1	0.95		17.09		5231.0	0.0			24.03		0.02744	0.002		11460.0		26.2038	0.9659	0.05087	
Pagphilus groenlandicus	ed5280adb77539a0b58955aa822a70e7		6.5	0.8	0.1	1.946e-12	0.1	0.95		12.2023		7857.33	0.0					33910000.0	0.002	35630000.0	416300000.0		1491.18	0.23233	0.035059	120.0
Palaemonetes pugio	56cf1eeaf3d2f8441b8c41906c4c1ab1		6.5	0.8	0.0001	1.065e-06	0.1	0.95		326.6		4444.0	0.0			0.06634		0.003539	0.002		1.237		98.7571	0.9918	0.01903	
Pangasianodon hypophthalmus	53d4229bacedae1311051e7cddd073d4		6.5	0.8	0.0001	2.994e-10	0.1	0.95		11.24		5283.0	0.0					1.263	0.002		6908000.0		524.727	0.5805	0.1126	
Panthera leo	c67c449dc0cc8bf14732d7fabf8f2b10		6.5	0.8	0.1	4.44482e-15	0.1	0.95		18.0812		7861.65	0.0					168805.0	0.002	1527260.0	17202300.0		782.495	0.96682	0.110107	60.6976
Pan troglodytes	86b444a39d077c4e99f876aa5e8481df		6.5	0.8	0.05	4.19776e-13	0.1	0.95		43.7082		7919.99	0.0					1871030.0	0.002	24732600.0	64926700.0		1335.26	0.439097	0.0145657	0.0
Papio hamadryas	e54f36089676e764bb7e9f7481e21548		6.5	0.8	0.05	2.98763e-17	0.1	0.95		7.37007		7897.35	0.0					1365240.0	0.002	2905000.0	7257500.0		199.787	0.803031	0.114885	121.563
Paracentrotus lividus	d258688755c65d9fc78cb8b568dac26a		6.5	0.01185	0.0001	9.68056e-08	0.9	0.95		18.6045		2352.68	0.0			0.00215007		1.36382e-05	0.002		2162.95		16.2266	0.456784	0.000573279	
Parus atricapillus	aed95c6ec867d5d04bbab05d19687d73		6.5	0.5	0.01	7.877e-22	0.1	0.95		1181.52		7338.48	0.0					12.93	0.002		1830.0		1943.08	0.99534	0.11844	
Parus major	9a3033c7cf62b8a01f58d9a946e06126		6.5	0.8	0.01	2.033e-38	0.1	0.95		1006.58		7321.54	0.0					61.05	0.002		7653.0		2131.37	0.9911	0.33432	
Passerculus sandwichensis	a40e57e0efe04426fca93156aee1edf4		6.5	0.8	0.01	5.666e-17	0.1	0.95		900.831		7320.24	0.0					23.79	0.002		9727.0		1840.02	0.99565	0.12481	
Patella vulgata	b6d47c01f8b1aac2e8d612029dec8807		6.5	0.54121	0.0001	2.804e-08	0.0045319	0.95		33.0212		3907.03	0.0			0.001485		0.001484	0.002		158.7		89.165	0.61528	0.015046	
Pecten maximus	cfba025bc7568aa8054058b764da5484		12.0	0.8	0.0001	8.47e-09	0.1	0.95		24.84		2374.0	0.0			0.000857		1.989e-05	0.002		628.6		38.007	0.9627	0.0146	
Pelagia noctiluca	d46fd9939cd7273ba4caa7f6a44c1e44		18.73	0.8	0.0001	1.257e-14	0.1	0.95		164.0		263.0	0.0			0.073		0.0023	0.002		1864.0		248.216	0.37	0.018	
Pelecanus onocrotalus	93042a2bf3d8f48f27fe9b410ac0d62a		6.5	0.8	0.01	1.582e-32	0.1	0.95		138.022		7281.94	0.0					1115.0	0.00073263		2145000.0		2708.16	0.99787	0.86385	
Perameles nasuta	42469df66a2b4861d91637f73b420616		6.5	0.8	0.1	5.21623e-11	0.1	0.95		489.444		7836.86	0.0					0.284006	0.002	708.807	3452.39		2185.47	0.999172	0.0397892	7.21709
Perca fluviatilis	c8f5e148f714f670b563009c6791ec65		6.5	0.8	0.0001	1.41676e-08	0.1	0.95		16.3595		5230.73	0.0			0.424142		0.424142	0.0021119		30989.8		248.547	0.873276	0.0566235	
Percopsis omiscomaycus	9fb8728f4e0fc8a9cf1ddbfc6fd232d5		6.5	0.8	0.0001	4.676e-06	0.1	0.95		16.12		5233.0	0.0					3.86	0.002		2229.0		81.9435	0.7619	0.03765	
Periparus ater	a1536cbd36af848c4cfb9234fad2e1e0		6.5	0.8	0.01	1.126e-22	0.1	0.95		1237.03		7317.94	0.0					162.1	0.002		105800.0		2178.19	0.96171	0.20111	
Perna viridis	6ef2899719ea0ddf2c7310cb868c9927		6.5	0.7	0.0001	3.821e-08	0.1	0.95		6.215		2386.0	0.0			0.002666		3.477e-05	0.002		37.49		9.36381	0.9478	0.01678	
Petrogale xanthopus	d82664b4636348f01da6058c4ab2aa04		6.5	0.371	0.1	3.229e-13	0.3474	0.95		26.43		7950.0	0.0					701.4	0.002	4961000.0	8786000.0		541.052	0.7259	0.06997	26.9
Phaethon lepturus	9c0e9cb143508bda222bd0adec5383db		6.5	0.8	0.05	2.47e-57	0.1	0.95		1244.45		7323.79	0.0					338.0	0.002		44670.0		4824.41	0.99671	0.11395	
Phaethon rubricauda	a2644bbf86d31681747084a3cf98311e		6.5	0.8	0.05	3.02e-42	0.1	0.95		966.924		7292.74	0.0					176.4	0.002		16760.0		4830.7	0.99855	0.10644	
Phalacrocorax auritus	0db1d944fd592b2e7d18ed5aec730aca		6.5	0.8	0.01	2.608e-22	0.1	0.95		425.488		7320.1	0.0					132.2	3.4331e-07		347100.0		4170.21	0.99902	0.45872	
Phascolarctos cinereus	4d7e8acef0e44fe001cc83caff8712ae		6.5	0.8	0.1	2.97979e-18	0.1	0.95		103.098		7807.52	0.0					391.206	0.002	6171810.0	30046300.0		1740.33	0.740781	0.106063	32.1627
Philomachus pugnax	7b48212a290510deccad5344b1d61986		6.5	0.8	0.01	1.736e-22	0.1	0.95		698.622		7318.86	0.0					1517.0	0.002		400700.0		2389.23	0.96432	0.1728	
Phoca vitulina	ec87dba768bbab3b0900ff52a327031d		6.5	0.8	0.1	8.824e-14	0.1	0.95		54.0528		7820.76	0.0					22590000.0	0.002	25950000.0	159200000.0		2471.06	0.35329	0.019187	76.0
Phocoena phocoena	5a744a2d5381acb09097283fddd6095a		6.5	0.8	0.2	5.7211e-11	0.1	0.95		18.5442		7845.93	0.0					8776630.0	0.002	16493700.0	45595900.0		683.485	0.59731	0.023701	0.0
Phoeniconaias minor	8b96caa363071f1641f8a492c77d2cb8		6.5	0.8	0.05	6.895e-36	0.1	0.95		27.2382		7305.57	0.0					29640.0	0.002		812900.0		305.554	0.94305	0.10654	
Phorcus lineatus	5d915d529f45e7c60979e383f2ef5333		6.5	0.84564	0.0001	7.025e-10	-0.014629	0.95		25.2765		3916.61	0.0			1.983e-05		1.148e-05	0.002		0.867		22.8748	0.99897	0.13846	
Phoronis pallida	3d20b39a5cdcd6ae450a423e58efe977		6.5	0.8	0.0001	1.736e-10	0.1	0.475		0.5293		1828.0	0.0					5.272e-16	0.002		5.43e-07		0.24406	1.0	0.001	
Phylloscopus trochilus	9f7d79f2f0a042ef0e8368239dfb1cb3		6.5	0.8	0.01	2.499e-31	0.1	0.95		1003.0		7312.72	0.0					23.57	0.002		207.4		1766.54	0.99588	0.27457	
Physeter macrocephalus	b3ea740b176c587935272fe4f127db73		6.5	0.8	0.1	3.544e-13	0.1	0.95		20.3097		7843.87	0.0					111900000.0	0.002	362900000.0	1475000000.0		2841.34	0.91126	0.068499	0.0
Pica pica	c9dc4e5a0433e0c9f2b65212feba9bef		6.5	0.8	0.05	9.5626e-110	0.1	0.95		706.577		7322.01	0.0					204.815	0.002		123648.0		3160.93	0.993678	0.387172	
Pimephales promelas	63c01b172492dc6862ba657e613edec0		6.5	0.8	0.0001	2.624e-07	0.1	0.95		237.6		5225.0	0.0			0.4708		0.4707	0.002		5083.0		389.454	0.4029	0.0186	
Pinguinus impennis	34f75f5e5d63720a84a9884cad30a444		6.5	0.8	0.01	1.081e-15	0.1	0.95		415.709		7297.95	0.0					228800.0	0.002		37660000.0		4506.51	0.59712	0.038655	
Pipistrellus pipistrellus	cb943ad6e446a67c750a5ad39aa8e911		6.5	0.8	0.1	9.94506e-11	0.1	0.95		21.2781		7834.8	0.0					2103.99	0.002	2775.76	6091.72		44.4179	0.758812	0.0220097	4.90071
Pisaster ochraceus	55af8fcb16861cd1292551807b9040ed		6.5	0.8	0.0001	2.996e-10	0.1	0.95		22.43		2331.0	0.0			15.8		0.001134	0.002		30990.0		13.332	0.8508	0.02601	
Pithecia pithecia	ce9ff31788b98d22457a487c405ef871		6.5	0.8	0.05	7.00719e-22	0.1	0.95		12.3487		7863.05	0.0					178690.0	0.002	347951.0	1280140.0		161.216	0.80037	0.0925132	127.647
Planorbis planorbis	18d8f8532b36c262662e2410d1847bd4		6.5	0.8	0.0001	2.806e-06	0.1	0.475		765.9		3919.0	0.0			1.036		0.005026	0.002		25.13		83.5802	0.9631	0.0173	
Plateosaurus engelhardti	ae30514b08e4a9102ed0953d4e849809		6.5	0.8	0.5	5.408e-11	0.1	0.95		17.12		7846.0	0.0					94230.0	0.002		131300000.0		1125.08	0.8952	0.01804	
Pleurobrachia bachei	ea157b9c6d94ac452e22b094c2d3c211		96.4411	0.8	0.0001	1.06739e-05	0.1	0.475		14.2529		261.413	0.0			0.0220636		1.24199e-05	0.002		1.17181		2.46491	0.979656	0.0979113	
Pleurobrachia pileus	3ddfb02d1f60caec8189823cc007b893		121.1	0.8	0.0001	6.006e-06	0.1	0.475		33.95		264.1	0.0			0.01584		3.103e-05	0.002		0.4235		7.76488	0.9549	0.04558	
Pleuronectes platessa	27a6782add287c044111388cc4996f04		6.5	0.097608	0.0001	3.10493e-09	0.782407	0.95		21.8941		5218.23	0.0			72.6234		2.07089	0.002		1252880.0		166.232	0.579152	0.0434598	
Pleuroxus aduncus	4ab9e9fd2808c0e605b8e794b9199627		6.5	0.8	0.0001	3.118e-05	0.1	0.95		1682.0		4445.0	0.0					0.002505	0.002		0.01805		45.8591	0.7882	0.0218	
Pleuroxus striatus	6e3bb1d0143dc61387f45820d1f76cee		6.5	0.8	0.0001	2.585e-05	0.1	0.95		1491.9		4400.0	0.0					0.00301	0.002		0.03512		53.7936	0.8126	0.02666	
Plodia interpunctella	6b0d3d4ddb2f7b52424f8da510c91e10		6.5	0.8	0.0001	0.06708	0.1	0.95	1.27e-09	17.75		4420.0	0.0	0.9976			2.645	0.05048	0.002				67.6574	0.5066	0.01614	
Pluvialis dominica	af06cca69f2fd2ac7684269131cbb134		6.5	0.8	0.01	5.879e-38	0.1	0.95		210.419		7298.88	0.0					1100.0	0.002		10100.0		1014.04	0.99082	0.85783	
Podargus strigoides	77210dd21b917f4baf425d753ad78f02		6.5	0.8	0.05	2.449e-58	0.1	0.95		2385.74		7313.1	0.0					68.74	0.0019658		8778.0		7572.85	0.99782	0.085668	
Podilymbus podiceps	98e37d8761aaec41cc7152f15ccaf677		6.5	0.8	0.1	2.166e-31	0.1	0.95		897.012		7344.64	0.0					680.4	0.0023327		61660.0		3233.63	0.98641	0.057682	
Poecilia reticulata	1a2112979142994cc7c0ac7710256715		6.5	0.8	0.1	5.883e-08	0.1	0.95		69.11		5217.0	0.0					4.371	0.002		82.4		89.9569	0.546	0.009637	
Pomatoschistus minutus	04913a0b4d8937a43ce71ec46207ba90		6.5	0.8	0.0001	8.868e-06	0.1	0.95		128.7		5181.0	0.0					0.004883	0.002		56.79		167.547	0.9548	0.01346	
Pongo pygmaeus	e2a643310fdb74fc698ec526f5852f93		6.5	0.8	0.05	1.14e-12	0.1	0.95		19.25		7792.0	0.0					1347000.0	0.002	10400000.0	28010000.0		535.691	0.7284	0.02095	1.703
Pontoporia blainvillei	09ab20bd544602a13231f4895df42ae3		6.5	0.8	0.2	1.237e-13	0.1	0.95		41.1052		7833.85	0.0					335300.0	0.002	2092000.0	7698000.0		874.945	0.94009	0.033093	166.343
Porcellio scaber	f7f2e3aa63418de280d2441a2f50a353		6.5	0.8	0.0001	6.742e-09	0.1	0.95		59.85		4286.0	0.0					0.314	0.002		87.61		31.0965	0.8634	0.08356	
Pristiophorus cirratus	791c66b1d7d17796ec389eefcf0e7cdb		6.5	0.8	0.0001	2.675e-08	0.1	0.95		20.53		5213.0	0.0					439600.0	0.002		2604000.0		804.088	0.8446	0.1329	
Pristis pectinata	24e3e2c1f2781f1f13e93e672b190cd1		6.5	0.8	0.0001	4.779e-09	0.1	0.95		18.82		5230.0	0.0					882.1	0.002		555100.0		800.827	0.9875	0.0502	
Procavia capensis	2385d7456a495dac2061e5db25291a9a		6.5	0.8	0.1	8.99518e-11	0.1	0.95		34.1158		7819.41	0.0					1089050.0	0.002	1922790.0	5369530.0		626.861	0.391049	0.01022	62.2078
Propithecus diadema	b47ac2b3bb8803cc4e9873df0daf620e		6.5	0.8	0.05	4.268e-13	0.1	0.95		16.11		7850.0	0.0					34280.0	0.002	302200.0	1136000.0		262.217	0.9572	0.08056	117.0
Psetta maxima	614b30fcca5c61b82a3d7b6cbad26210		6.5	0.8	0.0001	2.678e-09	0.1	0.95		26.72		5220.0	0.0			329.0		0.3322	0.002		3118000.0		101.184	0.6858	0.05973	
Pseudemydura umbrina	02201b34a72c0285ab6719ce051efc2f		6.5	0.8	0.0001	4.352e-12	0.1	0.95		360.4		8323.0	0.0					800.0	0.002		820000.0		1745.66	0.87	0.038	
Pseudophryne bibronii	30e9b7c92c5bc6dc80518b2c9ec2d126		6.5	0.8	0.0001	4.023e-07	0.1	0.95		490.7		7397.0	0.0					9.2	0.002		32103.0		566.956	0.6924	0.03997	
Pseudorca crassidens	4d6423dbe228ecfca77db98f22b38979		6.5	0.8	0.2	3.003e-14	0.1	0.95		23.9861		7841.03	0.0					4609000.0	0.002	23360000.0	92490000.0		1337.85	0.94009	0.027826	0.0
Psittacosaurus mongoliensis	53bc6644c4a20fc8606d32a8104206c0		6.5	0.8	0.5	1.177e-14	0.1	0.95		8.884		7857.0	0.0					193.7	0.002		373700.0		180.348	0.9857	0.01191	
Pterocles alchata	470ed15824f0e16f12532abcfa8feb54		6.5	0.8	0.01	5.246e-14	0.1	0.95		589.555		7321.68	0.0					250.3	0.002		4006.0		1769.74	0.99273	0.025733	
Pterodaustro guinazui	7241febd761e916d77b5d64f223534f0		6.5	0.8	0.5	1.145e-13	0.1	0.95		30.13		7859.0	0.0					1723.0	0.002		431900.0		390.677	0.9756	0.03409	
Ptychoramphus aleuticus	1b8b9f4a86353758c7ff85c17a850ab4		6.5	0.8	0.01	6.668e-19	0.1	0.95		504.664		7345.87	0.0					4329.0	0.002		764800.0		2188.2	0.95755	0.19806	
Pusa hispida	ce85c9680b8cfb790125278785a9fe70		6.5	0.8	0.1	8.382e-14	0.1	0.95		33.8612		7832.46	0.0					3250000.0	0.002	5096000.0	51620000.0		1073.44	0.78274	0.030605	105.0
Pycnogonum litorale	14c3dd8cde8bf89b963bc7436dc0ec59		6.5	0.8	0.0001	3.298e-08	0.1	0.95		244.0		4442.0	0.0			0.002761		8.419e-06	0.002		2.095		9.36825	0.9517	0.0005472	
Pygoscelis adeliae	1b57a7bf98db087e0a1a8d9757cbf688		6.5	0.8	0.01	8.257e-33	0.1	0.95		147.272		7311.26	0.0					7255.0	0.002		3651000.0		2459.23	0.98812	2.6478	
Pygosteus pungitius	43d5e58d4d2708e8963ec274963f607d		6.5	0.8	0.0001	8.666e-09	0.1	0.95		18.74		5200.0	0.0					0.7561	0.002		178.6		31.8777	0.95	0.1305	
Python regius	6d0035229236a4c7583a934a4b310b15		6.5	0.8	0.0001	4.977e-11	0.1	0.95		46.94		7500.0	0.0					22900.0	0.001961		313300.0		572.792	0.908	0.04579	
Raja brachyura	4c64156100172c31e083a69c131aeaf5		6.5	0.8	0.0001	3.948e-07	0.1	0.95		20.9		5229.0	0.0					9795.0	0.002		856600.0		394.969	0.7895	0.06448	
Raja clavata	df126769d6b960693f75babb405ef2ae		6.5	0.8	0.0001	1.999e-08	0.1	0.95		28.22		5225.0	0.0					12730.0	0.002		10700000.0		821.213	0.4213	0.04402	
Ramphastos toco	5cf6207f05c77e03bcbcd85733db072f		6.5	0.8	0.01	4.027e-20	0.1	0.95		277.978		7312.68	0.0					933.1	0.0016938		611700.0		1961.45	0.9873	0.27311	
Rangifer tarandus	26f5c11255f895a632fd2c2df42e0f60		6.5	0.8	0.1	6.536e-19	0.1	0.95		38.1531		7829.43	0.0					4547000.0	0.002	28160000.0	150800000.0		1800.77	0.88879	0.28869	123.363
Rattus norvegicus	58d474ec035208b2194df25dde8f9259		6.5	0.8	0.1	7.6245e-20	0.1	0.95		16.3508		7886.83	0.0					14051.5	0.002	21175.4	44623.7		173.441	0.7969	0.072224	1.8577e-63
Regulus ignicapillus	8480c26fe2dde898a777686976e2e1e4		6.5	0.8	0.01	1.524e-30	0.1	0.95		268.298		7321.81	0.0					638.1	0.002		59400.0		418.763	0.8197	0.024577	
Regulus regulus	39de64eea659b04cfd67c5d4ff5633f4		6.5	0.8	0.01	5.943e-28	0.1	0.95		209.556		7301.86	0.0					377.0	0.002		55510.0		358.162	0.84545	0.039814	
Remiz pendulinus	3970051da664fb71a70190918d8739e8		6.5	0.8	0.01	3.068e-21	0.1	0.95		1089.0		7325.3	0.0					58.73	0.002		15170.0		1864.1	0.98764	0.24095	
Rhea americana	e97ede28aa4346a1972c1fd2e7d24740		6.5	0.8	0.05	2.232e-16	0.1	0.95		40.3114		7328.79	0.0					27240.0	0.002		866200.0		987.32	0.98577	0.20945	
Rhincodon typus	b757ec97469df0ee764547b0911c66e6		6.5	0.8	0.0001	1.44e-09	0.1	0.95		17.11		5230.0	0.0					13500.0	0.002		84050000.0		1702.25	0.9189	0.01546	
Rhinobatos productus	8691a825ec34f8adcda1539f3d0babc0		6.5	0.8	0.0001	1.845e-08	0.1	0.95		15.57		5235.0	0.0					15210.0	0.002		1169000.0		264.93	0.8316	0.06632	
Rhinoceros unicornis	2a40e3919813c0f16e7083e4301d72bb		6.5	0.8	0.1	5.428e-21	0.1	0.95		33.5639		7833.89	0.0					119883000.0	0.002	3034270000.0	5957860000.0		4575.55	0.5862	0.30638	422.709
Rhizoglyphus robini	a08d34f3fc91edcfd634888b64706f28		6.5	0.8	0.0001	2.779e-05	0.1	0.95		922.65		4400.0	0.0			0.007298		0.003577	0.002		0.09267		49.0751	0.486	0.006	
Rhizoprionodon acutus	928edb337ff91cfb7708159a9b090050		6.5	0.8	0.0001	5.63492e-09	0.1	0.95		17.6471		5230.58	0.0					11665.4	0.0019936		135512.0		169.412	0.850224	0.00903634	
Rhynchotus rufescens	f4c7658ba36fc777a545f8cdc47d11f9		6.5	0.8	0.05	2.317e-20	0.1	0.95		80.4465		7307.87	0.0					6014.0	0.002		11050.0		620.328	0.96831	0.10987	
Rhynochetos jubatus	7a9792a8c9f4eb22d6d286d64456516c		6.5	0.8	0.05	5.952e-33	0.1	0.95		502.985		7333.78	0.0					12200.0	0.002		2576000.0		2994.18	0.94241	0.097114	
Rissa brevirostris	0edad350886dbea9b1dca16ecfb65c37		6.5	0.8	0.01	5.906e-42	0.1	0.95		239.96		7317.0	0.0					4880.0	0.002		929200.0		1725.41	0.97588	0.67954	
Rissa tridactyla	bab5d031b01e7f12e85e1bdcf9726828		6.5	0.8	0.01	8.399e-42	0.1	0.95		245.637		7315.62	0.0					3559.0	0.002		834600.0		1844.35	0.9815	0.67366	
Ruditapes philippinarum	020b3f1b4179f488782e4d69d7dc071f		6.5	0.8	0.0001	9.49e-10	0.1	0.95		30.82		2339.0	0.0			0.001333		1.334e-07	0.002		1.359		3.06099	0.9975	0.006023	
Rupicapra rupicapra	d25ccfd780ea763f039935faa9b1f3c7		6.5	0.8	0.1	1.359e-23	0.1	0.95		23.331		7841.93	0.0					2200000.0	0.002	6208000.0	36430000.0		782.403	0.86868	0.32236	0.0039
Sagitta hispida	5fa5c1982af0297dfe25875928c2570c		6.5	0.0327	0.0001	3.872e-08	0.1	0.95		554.0		1833.0	0.0			0.01259		0.002028	0.002		0.6569		54.9233	0.674	0.01442	
Saimiri sciureus	8d7ee32920698d3911260b9a6a3ee269		6.5	0.8	0.05	1.024e-22	0.1	0.95		25.59		7850.0	0.0					1285000.0	0.002	6452000.0	16820000.0		851.713	0.2187	0.08781	136.1
Salmo trutta	987db2e9be228e2e5283ea467954a183		6.5	0.8	8.0	6.235e-21	0.1	0.95		115.3		5229.0	0.0			22.15		5.601	0.002		54470.0		1320.27	0.965	0.1648	
Salvelinus alpinus	2b256e111056ab998c15402950cf0b1b		6.5	0.8	0.0001	1.822e-05	0.1	0.95		31.51		5221.0	0.0			72.0		6.048	0.002		40020.0		274.978	0.9597	0.05238	
Sarcophilus harrisii	5ce2db014e2fa02fef465ca6c68f66b3		6.5	0.8	0.1	1.02872e-10	0.1	0.95		21.0741		7840.47	0.0					0.001131	0.002	10.5988	107.671		281.608	0.999983	0.0233887	19.4941
Sardina pilchardus	fdd44e1b858d639f2ca3d6ce0d65d5fe		6.5	0.8	0.0001	3.712e-08	0.1	0.95		155.9		5227.0	0.0			10.6		0.5582	0.002		104700.0		505.941	0.3294	0.02782	
Sardinella aurita	d2c389031e93f7f85d58cd1444bff358		6.5	0.8	0.0001	5.553e-08	0.1	0.95		93.78		5210.0	0.0			0.01573		0.01307	0.002		3859.0		328.043	0.9514	0.02895	
Sayornis phoebe	d1f30f67f1cc6fa1199a767e44d43add		6.5	0.8	0.01	1.8e-20	0.1	0.95		1125.26		7373.57	0.0					1477.0	0.002		946500.0		2662.72	0.79178	0.16807	
Scapholeberis mucronata	986bcd982c77ba4c25548ad2906f3f49		6.5	0.8	0.0001	1.174e-05	0.1	0.95		1400.0		4414.0	0.0					0.0005973	0.002		0.004884		67.3392	0.905	0.0365	
Sceloporus undulatus	9152ab6db407dca4866fc5bb234b62a6		6.5	0.8	0.0001	4.022e-09	0.1	0.95		100.0		7725.0	0.0					1424.0	0.002		36490.0		325.424	0.59	0.027	
Schmidtea polychroa	032a02867df5f7a953bd3c02edd02523		6.5	0.8	0.0001	1.006e-07	0.1	0.475		60.94		1826.0	0.0			0.001521		3.183e-05	0.002		0.02301		10.9963	0.99975	0.01004	
Sciaena umbra	83fba9cbf5b0011df44d58004569ac19		6.5	0.8	0.0001	8.181e-10	0.1	0.95		9.003		5238.0	0.0			4.996		0.1761	0.002		135600.0		56.0306	0.9215	0.06711	
Scomber scombrus	f656631fc42068100e2330c40c8fda18		6.5	0.8	0.0001	8.44e-09	0.1	0.95		33.69		5219.0	0.0			14.95		0.05257	0.002		135100.0		77.5889	0.8567	0.03233	
Scorpaenichthys marmoratus	397958a0d9074889461f137e4f7e7afc		6.5	0.8	0.0001	1.482e-08	0.1	0.95		30.61		5212.0	0.0			2.573		0.6021	0.002		74520.0		322.045	0.933	0.104	
Scyliorhinus canicula	384ae8eb01a30b7118797dd65f7e4915		6.5	0.8	0.0001	4.745e-08	0.1	0.95		58.37		5149.0	0.0					213.9	0.002		24730.0		419.866	0.88	0.02159	
Semicossyphus pulcher	69686c930aaba39a3bdb90083af535ad		6.5	0.8	0.0001	1.916e-13	0.1	0.95		28.32		5220.0	0.0			2655000.0		0.0584	0.002		3974000.0		4.08227	0.5246	0.09833	
Sepia officinalis	22353d7f2941918fea5661dde05d0321		6.5	0.89	1.0	1.141e-06	0.08	0.95		42.16		5523.0	0.0			65.26		2.188	0.002		8527.0		316.603	0.995	0.1025	
Sepietta obscura	ff971eddd33e29318b793c02a46fe304		6.5	0.8	1.0	0.000436103	0.1	0.95		16.6352		5498.26	0.0			69.2256		1.7513	0.002		856.388		136.475	0.798299	0.0127436	
Sepiola atlantica	44669098315cfbb641688d3fc48a8506		6.5	0.8	1.0	6.87944e-05	0.1	0.95		17.9916		5488.52	0.0			252.866		4.19639	0.002		2015.72		75.9581	0.72358	0.0136577	
Septifer virgatus	755768b01e8324c1c8e620dd1153a5ed		6.5	0.8	0.0001	3.685e-10	0.1	0.95		6.137		2357.0	0.0			0.002465		0.0003208	0.002		37.01		6.11001	0.8641	0.02986	
Seriola dumerili	135ef6203c41b18dfdf3c87a6fb36a27		6.5	0.8	0.0001	1.423e-09	0.1	0.95		15.13		5236.0	0.0			11.74		0.1008	0.002		5876000.0		119.465	0.9282	0.03501	
Setonix brachyurus	5566abe065e293ca9524aa2d42679bbb		6.5	0.371	0.1	1.47509e-12	0.3474	0.95		34.1763		7830.47	0.0					156.57	0.002	408310.0	750296.0		486.285	0.876689	0.037614	21.32
Silurus glanis	6c2ea465078c17cbe89597943b9e7ea0		6.5	0.8	0.0001	1.339e-10	0.1	0.95		17.23		5200.0	0.0					0.1609	0.002		933900.0		539.353	0.8587	0.02316	
Simocephalus serrulatus	c80b9c7571c8f66720bdd1978b6df130		6.5	0.8	0.0001	8.658e-05	0.1	0.95		1800.0		4425.0	0.0					0.001233	0.002		0.04053		114.853	0.935	0.04701	
Smeringurus mesaensis	5ac22e6a79875de9dd358275269bf959		6.5	0.8	0.0001	1.098e-09	0.1	0.95		29.45		4413.0	0.0			192.4		3.828	0.002		727.3		13.2706	0.9436	0.0411	
Solea solea	deff55d108d1dce0aa4a4f4b9838e198		6.5	0.8	0.0001	9.31801e-09	0.1	0.95		22.5027		5222.36	0.0			3.91552		0.0581311	0.002		151495.0		81.6965	0.735299	0.0112384	
Somateria mollissima	1a7ecf3b98b9e53884453d725c57db67		6.5	0.8	0.1	1.328e-84	0.1	0.95		605.067		7319.09	0.0					17620.0	0.002		6682000.0		4212.46	0.91678	0.10454	
Somniosus microcephalus	31935504b8da5b895f90bcf5c73f221c		6.5	0.8	0.0001	2.235e-09	0.1	0.95		15.3		5231.0	0.0					171400.0	0.002		5688000.0		684.857	0.798	0.004937	
Sorex araneus	246f61356ae2711049eb21ec5abafa02		6.5	0.8	0.01	7.79954e-13	0.1	0.95		249.476		7831.13	0.0					500.422	0.002	55229.5	116077.0		531.711	0.767492	0.0415099	19.4192
Sparus aurata	0ef59679adc50c75a369c2b291f7e32f		6.5	0.8	0.0001	1.885e-09	0.1	0.95		19.17		5229.0	0.0			290.8		0.04368	0.002		145400.0		25.1729	0.9542	0.04372	
Sphenodon punctatus	25b1757fa601bfa9d01e3e9460c93b06		6.5	0.8	0.0001	1.487e-09	0.1	0.95		18.02		7845.0	0.0					2211.0	0.002		20420.0		93.4614	0.7934	0.00753	
Sphyrna lewini	350243ccc762d3c4ac03d1b35bd6ff9d		6.5	0.8	0.0001	1.493e-09	0.1	0.95		28.49		5181.0	0.0					3692000.0	0.002		274300000.0		2444.58	0.3635	0.1769	
Sprattus sprattus	8b704c8dd27132590681045b7a305644		6.5	0.8	0.0001	2.57353e-08	0.1	0.95		19.0422		5228.53	0.0			2.18179		0.0176406	0.002		6740.38		16.7108	0.690101	0.0229722	
Squalus acanthias	e27b689ea5bd2d30bc3f0e7699a5ceb2		6.5	0.8	0.0001	1.168e-09	0.1	0.95		28.0		5223.0	0.0					101400.0	0.002		1924000.0		637.144	0.6526	0.05303	
Squatina californica	68e9753aed082e09ac4d4b4c348e920b		6.5	0.8	0.0001	7.541e-09	0.1	0.95		24.23		5224.0	0.0					6366.0	0.002		1751000.0		527.166	0.9381	0.05442	
Stagnicola palustris	aa6c1e75fc6f19f056a2c6ca08a23218		6.5	0.8	0.0001	3.907e-07	0.1	0.475		1031.0		3914.0	0.0			6.194		0.01628	0.002		115.5		85.5849	0.8959	0.01722	
Stercorarius longicaudus	7463b0f804c2d9ab6acd1e21194c690a		6.5	0.8	0.01	1.487e-46	0.1	0.95		600.505		7305.82	0.0					3886.0	0.002		1281000.0		3620.45	0.97837	1.7812	
Stercorarius maccormicki	15e1f2d9818ba3046dff1e228d1587b6		6.5	0.8	0.01	8.452e-45	0.1	0.95		332.281		7372.09	0.0					5515.0	0.002		2246000.0		3392.41	0.98589	1.6932	
Stercorarius skua	0a044c4812738721275215f803d29c25		6.5	0.8	0.01	6.886e-47	0.1	0.95		373.365		7318.65	0.0					6798.0	0.002		2494000.0		3818.65	0.98603	1.934	
Sterechinus neumayeri	d8fb71b73e11d1cdecfac8419e98fb50		6.5	0.8	0.0001	9.322e-08	0.1	0.95		17.39		2392.0	0.0			0.1051		0.003725	0.002		3.648		31.6786	0.628	0.06273	
Sterna paradisaea	b20a894252b52f4c191ef168d1a7aaad		6.5	0.8	0.01	6.12e-65	0.1	0.95		1676.4		7327.02	0.0					676.5	0.002		269100.0		5595.97	0.98967	0.44987	
Struthio camelus	26bf9d7919fc7dfe27d77f02f459b60f		6.5	0.8	0.05	1.763e-26	0.1	0.95		37.2805		7308.53	0.0					290000.0	0.002		99180000.0		1657.12	0.92241	0.28713	
Sula bassana	4dc3e535a6a6253e4adceb72157431fe		6.5	0.5	0.05	3.877e-61	0.1	0.95		662.922		7321.66	0.0					1122.0	0.002		1258000.0		6221.88	0.99486	0.25516	
Sula nebouxii	ea3be33231335317a364427a5bcc38f3		6.5	0.5	0.05	2.201e-39	0.1	0.95		538.76		7321.01	0.0					6407.0	0.002		4495000.0		4366.88	0.96492	0.27124	
Sylvia atricapilla	4134d00c993b71067bfeb807a0d09c4b		6.5	0.8	0.01	2.012e-28	0.1	0.95		1038.0		7324.45	0.0					70.55	0.002		71.53		1980.7	0.9944	0.21414	
Symphalangus syndactylus	df178ac7151d370e79a86ffac7daed45		6.5	0.8	0.1	9.6831e-14	0.1	0.95		15.9068		7854.67	0.0					288039.0	0.002	1476790.0	4049940.0		276.358	0.81778	0.0150298	0.0
Tachyglossus aculeatus	db1edc1588907fc51323d4829f25036a		6.5	0.8	0.01	2.41827e-12	0.1	0.95		143.799		7840.8	0.0					0.455724	0.002		42707.4		1354.74	0.999267	0.0500454	
Talpa europaea	3f6d0f42542751148164e4e7a2a67132		6.5	0.8	0.01	1.336e-11	0.1	0.95		28610.1		7840.36	0.0					288.8	0.002	47270.0	373500.0		24919.8	0.95375	0.025	22.3191
Talpa occidentalis	792cc7348dec4c6b13c672504d67fbfc		6.5	0.8	0.01	4.003e-11	0.1	0.95		4673.0		7847.84	0.0					313.8	0.002	15810.0	133900.0		6010.78	0.96472	0.023598	13.7771
Tapirus terrestris	b887fe306ff897fd7ced2a4199ab2c30		6.5	0.8	0.1	1.409e-14	0.1	0.95		26.01		7750.0	0.0					571100.0	0.002	5032000.0	17630000.0		1169.71	0.9675	0.07978	187.0
Tarsipes rostratus	6aca15b06107dd17949dd6cfdb40d63b		6.5	0.8	0.1	5.56141e-09	0.1	0.95		125.208		7834.99	0.0					0.00773112	0.002	14.4767	42.7794		202.24	0.999486	0.0244904	38.4601
Tarsius tarsier	363ad8f84b1e80546fe32ad936b16e48		6.5	0.8	0.05	6.18864e-11	0.1	0.95		32.8763		7824.74	0.0					61280.1	0.002	111556.0	354532.0		215.971	0.54026	0.0129453	35.0
Tauraco erythrolophus	4044ed76e392318b4727c7de43ddb7a5		6.5	0.8	0.05	7.484e-25	0.1	0.95		26.2023		7312.02	0.0					1708.0	0.0016335		4233.0		162.631	0.98079	0.07075	
Tetrastes bonasia	48797b9cd84c84166eca6c1bc4a3b01f		6.5	0.8	0.01	3.201e-11	0.1	0.95		591.074		7327.19	0.0					78.47	0.002		1521.0		2167.86	0.99562	0.034148	
Thalassarche melanophrys	9fad68b95fb3aebcce48f0d9fae66787		6.5	0.8	0.01	1.039e-26	0.1	0.95		171.939		7309.89	0.0					11860.0	0.002		1887000.0		2170.25	0.98713	0.46177	
Thalia democratica	f4ca44e873a0b0c5881b0a1645582cda		290.3	0.4	8.0	8.963e-06	0.1	0.95		8000.0		2088.0	0.0					0.5935	0.002		0.9943		7768.0	0.1	0.06648	
Thunnus orientalis	243ba5718af1ebd2306782107e21e150		6.5	0.8	0.0001	8.87311e-11	0.1	0.95		17.0801		7847.17	0.0			70.2466		0.0307915	0.002		28392900.0		89.0735	0.972176	0.0893412	
Thunnus thynnus	cd171d7f8b99d3cfddfe023e5f82480c		6.5	0.8	0.0001	2.29155e-09	0.1	0.95		10.7477		7850.48	0.0			0.0010226		1.1869e-05	0.002		218148.0		156.137	0.993697	0.0100024	
Thymallus thymallus	70711497ab2addf810f979817f82f1e5		6.2	0.8	0.0001	2.10807e-07	0.1	0.95		85.2904		5204.25	0.0			1174.29		45.2391	0.002		728466.0		766.018	0.388142	0.154204	
Tichodroma muraria	1c8d1f126dda2f5330c60f85fcfb30c4		6.5	0.8	0.01	3.329e-30	0.1	0.95		235.851		7336.26	0.0					531.7	0.002		47170.0		462.291	0.93781	0.031974	
Tiliqua rugosa	03bd821efb1cfb6c36d9b5037df77a69		6.5	0.85	0.0001	4.679e-10	0.1	0.95		59.37		7795.0	0.0					51660.0	0.002		209400.0		477.483	0.9083	0.06563	
Todiramphus cinnamominus	1c50b024147aadb63f1f128e5afa7e79		6.5	0.8	0.01	8.281e-18	0.1	0.95		414.566		7317.21	0.0					288.0	0.0019646		10520.0		1352.85	0.99118	0.24083	
Torpedo marmorata	e4e52fc8719b66d823e7a9d0aba0f384		6.5	0.8	0.0001	6.503e-08	0.1	0.95		17.43		5231.0	0.0					379.6	0.002		44380.0		432.44	0.9609	0.01667	
Toxostoma recurvirostre	004ebe47b553114eda7f8ccc707f1348		6.5	0.8	0.01	6.418e-14	0.1	0.95		3685.29		7349.36	0.0					13.83	0.002		956.3		6139.32	0.99808	0.12334	
Trachurus trachurus	02ba3ac0351955e01ae15aada30ecaf3		6.5	0.8	0.0001	5.102e-10	0.1	0.95		43.33		5109.0	0.0			1.179		0.1196	0.002		18370.0		195.973	0.9388	0.04962	
Trichechus inunguis	42e827c36ce872e11d6f6b1db7aee2fa		6.5	0.2	0.1	2.22916e-13	0.7	0.955		27.1615		7838.68	0.0					890842.0	0.002	4658770.0	22185100.0		1170.03	0.958875	0.032852	125.482
Tringa flavipes	dfc3b9462212b04edcb721a3db10791e		6.5	0.8	0.01	5.944e-38	0.1	0.95		843.936		7317.1	0.0					159.2	0.002		8400.0		2831.82	0.99729	0.3912	
Triops longicaudatus	cd00dfd705355d80c95c024877f73428		6.5	0.8	0.1	2.861e-05	0.1	0.95		3382.0		4468.0	0.0					0.0002785	0.002		1.81		1450.84	0.99	0.06028	
Trisopterus luscus	cd5e7b2693846a253c3422d6fe98ae1a		6.5	0.8	0.0001	7.78e-08	0.1	0.95		204.8		5214.0	0.0			4.101		0.2043	0.002		297800.0		1121.41	0.3837	0.03364	
Troglodytes aedon	844d88011fccf9fc3ebd08155e87483b		6.5	0.8	0.01	1.491e-20	0.1	0.95		1064.3		7327.98	0.0					1608.0	0.002		47580.0		1239.13	0.89558	0.025246	
Trygonoptera personata	739fdc4060e8c6a65d8025878bac5d8b		6.5	0.8	0.0001	1.297e-08	0.1	0.95		25.4		5235.0	0.0					36970.0	0.002		422300.0		286.647	0.8675	0.1612	
Tupaia glis	597342aa9ef1ce5b5f9208b80f34e2ec		6.5	0.8	0.05	2.2121e-36	0.1	0.95		202.147		7841.48	0.0					1808.76	0.002	36032.9	119450.0		1072.03	0.977044	0.338671	41.8995
Turdus merula	8539f68b2f729827c29dc81a2b30763a		6.5	0.8	0.01	5.606e-34	0.1	0.95		1669.88		7313.83	0.0					199.6	0.002		353800.0		4939.19	0.98096	0.26751	
Tursiops truncatus	5a97cc1e1ac71d45d276e12d8cdfd97d		6.5	0.8	0.2	1.182e-13	0.1	0.95		23.7831		7845.89	0.0					1178000.0	0.002	5949000.0	23490000.0		944.213	0.94009	0.020411	0.0
Tyrannosaurus rex	5b355e6aa28cdfd9bed3c5ed8f4a828d		6.5	0.8	0.5	6.191e-11	0.1	0.95		15.01		7847.0	0.0					112300.0	0.002		147300000.0		1268.52	0.9252	0.01179	
Tyrannus tyrannus	e2f3ff2fc877b9322dbd4fbe6a87f5f7		6.5	0.8	0.01	1.054e-30	0.1	0.95		795.342		7409.43	0.0					1025.0	0.002		468300.0		2290.14	0.94265	0.36989	
Tyto alba	6fcd23e9a266d2ec77f69e02b75fbead		6.5	0.8	0.01	5.483e-18	0.1	0.95		615.887		7319.11	0.0					10090.0	0.002		4601000.0		3199.42	0.83487	0.16211	
Uria aalge	1f21d6d69cb8c09be9a27485d68bc4d1		6.5	0.8	0.01	6.677e-18	0.1	0.95		411.469		7394.27	0.0					91820.0	0.002		16460000.0		3385.85	0.60458	0.06989	
Uria lomvia	4c4d53e7dbf1e157a818e9c9719001f3		6.5	0.8	0.01	3.255e-14	0.1	0.95		308.224		7310.15	0.0					86800.0	0.002		10110000.0		2377.63	0.6027	0.041946	
Urocolius macrourus	e563e083718e4eb3a35fbcbde6fcaadd		6.5	0.8	0.01	3.902e-27	0.1	0.95		369.124		7313.48	0.0					1329.0	0.002		550700.0		1341.26	0.91732	0.45389	
Urosalpinx cinerea	854e3a6612913ce60ea981e0048635e4		6.5	0.8	0.0001	4.811e-08	0.1	0.95		54.0345		3911.41	0.0			0.000234		2.045e-05	0.002		6.699		33.1227	0.99892	0.021664	
Ursus arctos	3620a6afc683c9cb9e66e3bc9d143133		6.5	0.8	0.1	2.645e-18	0.1	0.95		32.71		7850.0	0.0					179100.0	0.002	12420000.0	72730000.0		1305.18	0.915	0.1378	75.4
Ursus maritimus	ecf9a73302aa9be16e68c89fb524feb8		6.5	0.8	0.1	9.728e-16	0.1	0.95		34.0436		7831.76	0.0					149800.0	0.002	27120000.0	80440000.0		1384.09	0.91412	0.075123	165.0
Vanellus armatus	6034cc9bf59a797ca53b2e50c0241a25		6.5	0.8	0.01	3.2e-14	0.1	0.95		688.357		7322.63	0.0					243.2	0.002		11860.0		1919.21	0.99121	0.044039	
Vanellus coronatus	6b2bf7e07f766050de717c4a411774c2		6.5	0.8	0.01	7.13e-15	0.1	0.95		519.563		7321.93	0.0					5670.0	0.002		1101000.0		1839.8	0.86779	0.054778	
Varanus komodoensis	9734ef854130b3011fb9ec9be37afed1		6.5	0.8	0.0001	9.17186e-11	0.1	0.95		21.2196		7840.35	0.0					6957.13	0.002		1735770.0		725.187	0.975593	0.0784273	
Varecia variegata	c8883cad4f1b3301686bf6ad91663991		6.5	0.8	0.05	1.38116e-43	0.1	0.95		153.957		7865.37	0.0					124378.0	0.002	14486700.0	47798300.0		2569.93	0.773473	0.382094	92.5903
Venturia canescens	25a05f2c5c8f5146d4b515c36d06e089		6.5	0.8	0.0001	0.006269	0.1	0.04195	0.2	19.79		4600.0	0.0	0.9811			17.65	0.3067	0.002				381.447	0.6646	0.04624	
Vipera berus	ced985dbbced31f2f74e641a992cb299		6.5	0.8	0.0001	2.855e-09	0.1	0.95		44.57		7829.0	0.0					17240.0	0.002		366000.0		355.587	0.5129	0.02759	
Vulpes lagopus	74f649c50206103b78005228c898e177		6.5	0.2	0.1	1.937e-24	0.1	0.95		247.609		7844.72	0.0					19510.0	0.002	727600.0	7730000.0		2484.11	0.91026	0.11406	38.7352
Vulpes vulpes	f76554e91aa357dd527f70ed534fa52c		6.5	0.8	0.1	3.28158e-35	0.1	0.95		107.715		7832.64	0.0					11791.7	0.002	329134.0	4910200.0		1769.42	0.973063	0.256895	43.7402
Vultur gryphus	e012d92f1ab45b81706d72e36c5512e0		6.5	0.8	0.01	1.05e-16	0.1	0.95		17.3661		7283.04	0.0					107800.0	0.002		6835000.0		383.642	0.90948	0.1198	
Wallabia bicolor	933f2699e0a7dd8d84cefe693500fc89		6.5	0.371	0.1	3.249e-12	0.3474	0.95		20.07		7900.0	0.0					716.3	0.002	486800.0	8722000.0		492.257	0.7188	0.04265	26.6
Xiphias gladius	099117b58af9f608aac8375fee1b49f9		6.5	0.8	0.0001	4.785e-08	0.1	0.95		34.34		5217.0	0.0			0.5076		0.1303	0.002		13490000.0		1083.78	0.8986	0.03975	
Zeus faber	bf90fcde968c06d7a7f8cfca8d697a6f		6.5	0.8	0.0001	1.69565e-08	0.1	0.95		17.6659		5230.42	0.0					0.224495	0.002		91064.2		258.443	0.884765	0.0201762	
Zoarces viviparus	b17c8f2af4a90b649ca031af1d8ae0fa		6.5	0.8	0.0001	9.038e-07	0.1	0.95		169.1		5197.0	0.0			242.6		209.5	0.002		22130.0		988.234	0.667	0.03059	
