Name	CoL ID	p_M (J/d.cm^3)	F_m (l/d.cm^2)	h_a (1/d^2)	p_Am (J/d.cm^2)	k_J (1/d)	kap_X (-)	kap (-)	E_G (J/cm^3)	E_Hb (J)	s_G (-)	v (cm/d)	kap_P (-)	kap_R (-)	E_Hp (J)	p_T (J/d.cm^2)
Acipenser ruthenus	0b96730a682802ff925457b4832bce69	11.83	6.5	1.861e-08	179.83	0.002	0.8	0.994	5280.0	0.02358	0.0001	0.05407	0.1	0.95	6536.0	0.0
Acipenser sturio	91d2d822ff7160abb9b9e57817711028	17.28	6.5	2.688e-10	845.736	0.002	0.8	0.8373	5232.0	2.555	0.0001	0.03179	0.1	0.95	7761000.0	0.0
Aegotheles cristatus	e77dc5c18f2a229366e15a70c599332f	30.2905	6.5	3.56e-17	118.212	0.002	0.8	0.92459	7289.62	2903.0	0.05	0.043551	0.1	0.95	5588.0	0.0
Aethia cristatella	7048c7929886b0410e3501585b00d8a9	613.792	6.5	2.504e-15	2906.5	0.002	0.8	0.9415	7321.75	10010.0	0.01	0.19336	0.1	0.95	1624000.0	0.0
Aethia pusilla	eedd1a360668ef531a40b98d4493618e	749.079	6.5	1.158e-14	2461.94	0.002	0.8	0.93853	7320.18	5016.0	0.01	0.16667	0.1	0.95	689700.0	0.0
Alectura lathami	0af00c8374b5551a726a6d761528a5a8	20.8595	6.5	2.982e-15	311.179	0.002	0.8	0.7668	7313.04	184100.0	0.05	0.097667	0.1	0.95	241600.0	0.0
Alle alle	d04ac5333679e22045b58982006bcc2d	895.699	6.5	8.92e-23	3394.83	0.002	0.8	0.99334	7321.49	719.9	0.01	0.25676	0.1	0.95	121700.0	0.0
Alligator mississippiensis	258a54f64c1a663997eb9cca0549f840	14.92	6.5	3.411e-11	585.179	0.002	0.8	0.8628	7863.0	24330.0	0.0001	0.04296	0.1	0.95	22340000.0	0.0
Amia calva	d526fe4bb2cd5cf0d8edcbee9b0a07c4	154.0	6.5	5.115e-08	1720.86	0.002	0.8	0.5637	5221.0	5.289	0.0001	0.02561	0.1	0.95	1364000.0	0.0
Amphisbaena alba	e9c5fca6f18472b4bdb1059cc9b179d0	18.24	6.5	1.617e-09	154.404	0.002	0.8	0.8079	7845.0	4099.0	0.0001	0.02034	0.1	0.95	146600.0	0.0
Anas platyrhynchos	d5d9d6e502eb4c9f10b094dfdd935e65	18.6503	6.5	4.508e-36	197.235	0.002	0.8	0.93811	7318.36	14770.0	0.02	0.36295	0.1	0.95	71280.0	0.0
Andrias japonicus	41349267f4b608eff2affa9111ed15de	4.81	6.5	4.798e-10	157.376	0.002	0.8	0.927	6546.0	96.69	0.0001	0.09507	0.1	0.95	175300.0	0.0
Anguis fragilis	9d72c2c8f700a5af8c9c3265f68859c7	36.24	6.5	3.168e-10	159.06	0.002	0.8	0.64	7827.0	1168.0	0.0001	0.02748	0.1	0.95	18860.0	0.0
Anthus pratensis	eb78a0bc492c93711d4c1ca8426d71d9	1013.0	6.5	2.05e-20	2184.29	0.002	0.8	0.99399	7315.68	36.37	0.01	0.22654	0.1	0.95	20870.0	0.0
Apatosaurus spec	4a0bffea523beea537741425173e651f	19.13	6.5	1.114e-16	2261.2	0.002	0.8	0.923	7845.0	468200.0	0.5	0.02304	0.1	0.95	325300000.0	0.0
Aphanius fasciatus	ca3b317c12ad025398bec05b234d8a98	10.51	0.0004343	4.875e-08	25.2604	0.002	0.005009	0.7614	5241.0	2.164	0.0001	0.03548	0.8	0.95	171.7	0.0
Aphrastura spinicauda	fc5861eec01a70a052c61fd549cbe59c	800.0	6.5	4.372e-35	1711.6	0.002	0.8	0.91582	7311.15	1245.0	0.01	0.42124	0.1	0.95	253600.0	0.0
Aporrectodea longa	6ba7cb1f971e29fa5b0489de565d4109	243.6	6.5	1.413e-09	363.727	0.002	0.8	0.9758	4168.0	3.087	0.0001	0.1665	0.1	0.95	1009.0	0.0
Apteryx mantelli	a2d2e28e381809c970138675ba310656	22.7939	6.5	1.878e-26	476.767	0.002	0.8	0.51024	7321.0	909100.0	0.05	0.077626	0.1	0.95	9184000.0	0.0
Apus apus	9623ca15e5c36c273a9e571b97ba8107	608.169	6.5	9.097e-50	1810.03	0.002	0.8	0.99516	7310.72	87.27	0.01	0.57068	0.1	0.95	26090.0	0.0
Aquila chrysaetos	5047c9307611462730f7230818a6788a	231.821	6.5	3.143e-51	8318.38	0.002	0.8	0.36498	7320.89	648800.0	0.01	1.1718	0.1	0.95	204800000.0	0.0
Arapaima gigas	a8f83fea3aa2f1d343cc2b193eacfdcc	28.99	6.5	9.977e-10	758.335	0.002	0.8	0.9905	5223.0	0.259	0.0001	0.03239	0.1	0.95	366100.0	0.0
Archaeopteryx lithographica	b9239f5c1ac241577326804d5d856bf6	27.15	6.5	4.559e-19	261.487	0.002	0.8	0.7565	7827.0	33080.0	0.5	0.02527	0.1	0.95	1325000.0	0.0
Ardeotis kori	185f3057c97c4f10fd7a1c483282d5a1	215.985	6.5	2.815e-19	2381.75	0.0019548	0.8	0.99067	7321.07	1642.0	0.05	0.058421	0.1	0.95	1145000.0	0.0
Arenicola marina	8981bb1d5f3ba68ed39eec35e0104438	255.42	6.5	7.856e-08	514.939	0.002	0.8	0.997	4184.0	1.15e-06	0.0001	0.16274	0.1	0.95	843.6	0.0
Asellus aquaticus	4acab09868db831471b70493b88c5cc0	146.6	6.5	9.045e-08	53.3397	0.002	0.8	0.9581	4400.0	0.02171	0.0001	0.1757	0.1	0.95	0.2386	0.0
Aspidiophorus polystictos	88edfcced5860e504db0c2d25d801715	981.4	6.5	0.0001914	5.9039	0.002	0.8	0.57	1307.0	1.798e-05	0.0001	0.005143	0.1	0.95	8.432e-05	0.0
Asplanchna girodi	7ef4175c71766debbf941dc6e2476c02	2083.0	6.5	2.029e-25	158.351	0.002	0.8	0.3111	915.9	0.006749	0.0001	0.172	0.1	0.95	0.1183	0.0
Atractosteus spatula	d3a4b7c1f41f1e5cc48d060d5ec1e28f	28.65	6.5	1.862e-10	882.624	0.002	0.8	0.954	5220.0	0.4422	0.0001	0.0404	0.1	0.95	7206000.0	0.0
Balaeniceps rex	16bde12b82a99c26cf61f1229cd3f41a	115.682	6.5	4.352e-65	2138.1	0.002	0.8	0.97385	7300.06	27850.0	0.01	2.5047	0.1	0.95	8571000.0	0.0
Belone belone	6b4ff497ef77437ec9fad307c08c99a6	40.73	6.5	1.307e-08	255.702	0.002	0.8	0.9785	5211.0	0.02362	0.0001	0.01254	0.1	0.95	1104.0	0.0
Boa constrictor	253bb4ac5026b77a3adf9b78516913b9	45.88	6.5	8.763e-11	1237.79	0.002	0.8	0.6216	7836.0	98880.0	0.0001	0.0229	0.1	0.95	8259000.0	0.0
Bosmina longirostris	869bccad902dfe087fefb3d7f87982d8	1400.0	6.5	7.038e-06	83.6296	0.002	0.8	0.4838	4439.0	0.001486	0.0001	0.02278	0.1	0.95	0.02108	0.0
Brachionus plicatilis	c1847141382c50836d8cf6c9cea31e71	349.9	0.2249	0.001754	16.601	0.002	0.7	0.2818	1545.0	0.0003132	0.0001	0.02445	0.25	0.95	0.0006225	0.0
Bubo scandiacus	1347e0b2597b16465cd5674f305fafd4	826.719	6.5	2.153e-18	6188.78	0.002	0.8	0.98093	7319.88	2192.0	0.01	0.20023	0.1	0.95	2745000.0	0.0
Bubo virginianus	657c70b3ce45f54079dabb6949fb5ac2	1206.25	6.5	1.515e-19	7126.22	0.002	0.8	0.99046	7327.5	784.4	0.01	0.15811	0.1	0.95	985600.0	0.0
Bucorvus leadbeateri	c37431d15839c9b467569ad3045869be	332.976	6.5	2.625e-25	3408.48	0.002	0.8	0.99062	7304.95	1476.0	0.01	0.18812	0.1	0.95	1483000.0	0.0
Bufo bufo	e53ae9ac85ef2c141a509f6405bc98f7	105.4	6.5	5.505e-10	400.978	0.002	0.8	0.8832	7320.0	0.5665	0.0001	0.04897	0.1	0.95	83530.0	0.0
Caiman crocodilus	2169464fbc24236e32ec1d7b81a59a45	11.83	6.5	1.553e-11	289.884	0.002	0.8	0.9529	7842.0	13650.0	0.0001	0.07878	0.1	0.95	945900.0	0.0
Calidris alpina	3573e87083ded2fb1ffc96183f7def79	439.071	6.5	8.736e-24	1238.72	0.002	0.8	0.89149	7326.51	5167.0	0.01	0.096193	0.1	0.95	361200.0	0.0
Calidris bairdii	b332bce93951f2c8b34f237074c8b5bc	1011.51	6.5	9.234e-36	2475.89	0.002	0.8	0.93557	7319.29	1852.0	0.01	0.171	0.1	0.95	377700.0	0.0
Calidris ferruginea	9b0c2d95deffed6fa89cdb208c187026	487.264	6.5	6.614e-29	1763.58	0.002	0.8	0.92229	7320.09	3901.0	0.01	0.26612	0.1	0.95	705500.0	0.0
Calidris maritima	a35342e9335b7725fa58bc1da7787203	803.252	6.5	3.44e-86	2438.76	0.002	0.8	0.8143	7314.22	6574.0	0.1	0.076269	0.1	0.95	1322000.0	0.0
Calidris minuta	9690a93b47b604e28ac765c2345ba29c	1939.19	6.5	7.159e-28	3862.84	0.002	0.8	0.93304	7327.26	1355.0	0.01	0.19456	0.1	0.95	385400.0	0.0
Calidris minutilla	81a637f1ff6e3f1fda7a976824ba5adc	1499.92	6.5	8.354e-20	2466.12	0.002	0.8	0.98992	7322.25	156.5	0.01	0.078793	0.1	0.95	7142.0	0.0
Callorhinchus capensis	2b8e437a12e0cc1b19683fd7de7c7206	44.13	6.5	7.79e-08	609.215	0.002	0.8	0.8975	5232.0	2895.0	0.0001	0.08054	0.1	0.95	530600.0	0.0
Camerasaurus spec	e91d23682d9e6ef031ecc9e41fd28be9	17.9	6.5	2.068e-16	2223.22	0.002	0.8	0.7867	7845.0	1304000.0	0.5	0.01973	0.1	0.95	1534000000.0	0.0
Capitella teleta	fd9aa8aa73aaf17bae632c52a561664d	410.0	6.5	5.308e-07	410.142	0.002	0.8	0.8638	4160.0	0.06636	0.0001	0.25	0.1	0.95	273.7	0.0
Carcharhinus leucas	08712ee451c6216fdc23bf2ed1b8eb24	13.72	6.5	4.832e-10	747.516	0.002	0.8	0.6769	5237.0	861300.0	0.0001	0.02324	0.1	0.95	38260000.0	0.0
Carcharodon carcharias	c5465928ea46eb759bbbf4d623c56bad	20.08	6.5	1.822e-09	2192.34	0.002	0.8	0.793	5226.0	11380000.0	0.0001	0.11761	0.1	0.95	258300000.0	0.0
Caretta caretta	5667c31e110f65b6f24658fa8d7f650f	6.439	6.5	7.448e-11	407.298	0.002	0.8	0.7386	7788.0	35990.0	0.0001	0.08562	0.1	0.95	54970000.0	0.0
Cariama cristata	51010aa3e16c9d55c093b195102bac97	578.302	6.5	3.20856e-15	4155.19	0.002	0.8	0.997796	7313.61	322.628	0.01	0.0984085	0.1	0.95	12134.9	0.0
Cepphus grylle	f56cecae9c9629f9bcc610161d9b483e	433.599	6.5	1.408e-27	2567.59	0.002	0.65849	0.98901	7303.76	1673.0	0.01	0.30148	0.1	0.95	386900.0	0.0
Ceriodaphnia dubia	b7129a03be4a413d639f0bf4ade8d684	1306.19	6.5	2.722e-05	69.3481	0.002	0.8	0.45619	4446.61	0.005286	0.0001	0.010149	0.1	0.95	0.02386	0.0
Ceriodaphnia pulchella	8c950c5099d7368e2c5d026dc079a5e9	1049.0	6.5	5.202e-06	28.633	0.002	0.8	0.9987	4445.0	1.193e-08	0.0001	0.02058	0.1	0.95	3.177e-06	0.0
Channa punctata	19bb192b10caf3ea97ac557fd3b99edb	16.4884	6.5	6.29049e-08	97.4623	0.002	0.8	0.996963	5232.45	0.000237038	0.0001	0.0445396	0.1	0.95	345.933	0.0
Charadrius pecuarius	7649077c28e6d6a042e8f6a197b55be5	184.056	6.5	1.151e-28	675.855	0.002	0.8	0.86492	7315.51	5920.0	0.01	0.33675	0.1	0.95	442100.0	0.0
Chelon labrosus	78be26413dd8d85e73278dd3188eab9f	18.5739	6.5	1.21359e-08	396.543	0.002	0.8	0.619047	5229.47	0.373916	0.0001	0.0325429	0.1	0.95	150073.0	0.0
Chiloscyllium plagiosum	52239f24c95c370cbca53d5404f355a8	18.91	6.5	4.294e-10	246.869	0.002	0.8	0.7077	5287.0	7787.0	0.0001	0.03059	0.1	0.95	1275000.0	0.0
Chlamydoselachus anguineus	efa72d5fdd926d889162f49fa8618ce3	21.05	6.5	1.497e-08	942.912	0.002	0.8	0.4197	5235.0	693200.0	0.0001	0.05844	0.1	0.95	17070000.0	0.0
Chlidonias leucopterus	a666e4b62baba1a7edf044f52f7eefd5	1194.02	6.5	2.868e-33	3570.47	0.002	0.8	0.97863	7327.31	778.6	0.01	0.27361	0.1	0.95	300200.0	0.0
Chydorus sphaericus	bf9a53b5d704a17c593c845f6e8d08cb	2891.9	6.5	2.626e-06	23.5842	0.002	0.8	0.9454	4400.0	9.576e-06	0.0001	0.014481	0.1	0.95	6.411e-05	0.0
Ciconia ciconia	1f8d320bdebfb912da9ef2433da92a85	337.545	6.5	7.813e-33	4254.35	5.5389e-12	0.8	0.99761	7320.39	825.9	0.01	0.70097	0.1	0.95	1454000.0	0.0
Cinnyris jugularis	d7ff4b36e31373ca9a0d3b401e370436	2426.09	6.5	6.777e-25	3107.48	0.002	0.8	0.98754	7324.37	51.63	0.01	0.16454	0.1	0.95	28620.0	0.0
Ciona intestinalis	eca285a07d80dda8bda2c2e91aa687f8	56.95	8074.0	1.706e-07	66.8727	0.0017	0.06277	0.9998	1533.0	6.152e-08	0.0001	0.05048	0.1371	0.475	0.009119	0.0
Circus aeruginosus	86e884dce0543b20ad3f399fc9ce5198	476.81	6.5	5.061e-26	3439.64	0.002	0.14503	0.9918	7319.59	918.1	0.01	0.47439	0.1	0.95	541700.0	0.0
Clamator glandarius	02135d597ace84d87208d04918b1beba	893.43	6.5	1.077e-108	3758.06	0.002	0.8	0.99248	7321.09	269.0	0.05	0.61137	0.1	0.95	2185.0	0.0
Columba livia	85552c5c13d52b6bb61b495497f135c1	1011.0	6.5	6.378e-64	3539.24	0.002056	0.8	0.99099	7352.44	438.7	0.05	0.093246	0.1	0.95	34920.0	0.0
Columba oenas	ed30f61f67a50dfc7efd082e23ec61b9	528.659	6.5	7.242e-49	3259.4	0.002	0.8	0.98699	7335.09	1114.0	0.01	1.6512	0.1	0.95	700900.0	0.0
Coronella austriaca	7449215b10f0b0e3d3b66b04beff2d3d	22.18	6.5	1.351e-08	136.348	0.002	0.8	0.5674	7838.0	9348.0	0.0001	0.02301	0.1	0.95	111200.0	0.0
Corophium volutator	3f0dd1ef46052e07709a147e7e701ed6	31.32	6.5	6.035e-06	9.32878	0.002	0.8	0.9132	4415.0	0.00943	0.0001	0.01635	0.1	0.95	0.01649	0.0
Corvus monedula	8b1d7741c6b8ad881d4f28e0bbe0bdeb	768.386	6.5	9.126e-53	4204.58	0.002	0.8	0.99648	7323.49	223.0	0.01	0.97218	0.1	0.95	123300.0	0.0
Corydoras aeneus	905ee3c3036f0147c9e3465986196a49	114.6	6.5	3.758e-09	147.799	0.002	0.8	0.9824	5224.0	0.04227	0.0001	0.05983	0.1	0.95	173.0	0.0
Crinia georgiana	66b8883b16bfdf95aad4fa2a2d29f8d8	468.7	6.5	5.2e-07	695.684	0.002	0.8	0.859	7350.0	7.731	0.0001	0.05556	0.1	0.95	1686.0	0.0
Crinia nimbus	7653067dbfb18458578b1e698667cacc	78.9263	6.5	3.50548e-07	133.379	0.002	0.8	0.450377	7309.74	91.0329	0.0001	0.00804212	0.1	0.95	1741.09	0.0
Crocodylus johnstoni	fcfe74af99e90cc51fee08e046d3aef2	55.92	6.5	1.065e-10	1149.53	0.002	0.8	0.97	7461.0	2321.0	0.0001	0.07124	0.1	0.95	2163000.0	0.0
Crocodylus niloticus	1a3211cb8764f54db424f9a4646c0075	23.32	6.5	1.869e-10	1297.64	0.002	0.8	0.6599	7495.0	20210.0	0.0001	0.01374	0.1	0.95	45300000.0	0.0
Ctenophorus ornatus	1784a51b08f5dec6219f9eb686c036f8	18.45	6.5	9.553e-11	63.6735	0.002	0.8	0.8319	7830.0	1277.0	0.0001	0.01316	0.1	0.95	11170.0	0.0
Cuculus canorus	01a48abb4f3aba76b904ac4c7a32f20a	894.106	6.5	2.879e-81	3305.02	0.002	0.8	0.99793	7323.22	23.46	0.05	0.39301	0.1	0.95	5637.0	0.0
Daphnia cucullata	3eb62cdbb1d096da9cfcabc1b19e18aa	1400.0	6.5	3.048e-06	86.9534	0.002	0.8	0.73	4400.0	0.002865	0.0001	0.03627	0.1	0.95	0.0155	0.0
Daphnia hyalina	29d9d22b0b26cf7307af8c0faaa8cf06	1600.0	6.5	7.074e-05	208.0	0.002	0.8	0.59	4400.0	0.02201	0.0001	0.08	0.1	0.95	0.1235	0.0
Daphnia magna	e44e0a35c2cdb085859074a9fe73abdf	1453.0	6.5	0.0003105	315.611	0.002	0.9	0.61	4400.0	0.01379	-0.3	0.1584	0.05	0.95	0.3211	0.0
Daphnia pulex	1274b0b445ebb1c66cc1c92f024359f4	1599.0	6.5	7.909e-05	520.825	0.002	0.8	0.4378	4448.0	0.26	0.0001	0.04889	0.1	0.95	3.926	0.0
Daspletosaurus torosus	d220ef2c6ad58b7d730719f5ad838bf8	15.9	6.5	2.335e-11	1068.07	0.002	0.8	0.8338	7847.0	351800.0	0.5	0.01524	0.1	0.95	185500000.0	0.0
Dendrobaena octaedra	6ec54faf2fcf669ae87e31911d422933	460.8	6.5	5.566e-09	335.689	0.002	0.8	0.8648	4171.0	2.086	0.0001	0.1585	0.1	0.95	205.0	0.0
Dermochelys coriacea	dd8153b49c7daf4582b11583525bc26c	21.178	6.5	1.93879e-09	1191.41	0.002	0.206503	0.916651	7843.18	7550.16	0.0001	0.0865079	0.2	0.95	82514900.0	0.0
Diaphanosoma brachyurum	dd213856b4a492a6f01afd65e70991d4	772.4	6.5	0.0008197	45.7963	0.002	0.8	0.7362	4436.0	0.004503	0.0001	0.02326	0.1	0.95	0.0165	0.0
Diomedea exulans	9cf46c5413e6bef61c029d6cef69ff57	682.722	6.5	2.358e-17	6753.63	0.002	0.8	0.99736	7335.44	1827.0	0.01	0.095851	0.1	0.95	632300.0	0.0
Dromaius novaehollandiae	e211d1636655d7a1b1f48fdb2c584dae	28.1567	6.5	1.894e-17	1041.01	0.0016448	0.8	0.96551	7319.17	93090.0	0.01	0.6718	0.1	0.95	17990000.0	0.0
Egernia cunninghami	91fe397b8044dd1066106e58c5e37c52	37.61	6.5	1.861e-10	291.675	0.002	0.8	0.5818	7827.0	18690.0	0.0001	0.02167	0.1	0.95	589800.0	0.0
Electrophorus electricus	3cef65beebb836d276014fb79322b074	17.94	6.5	2.564e-08	277.848	0.002	0.8	0.9782	5200.0	0.1824	0.0001	0.01233	0.1	0.95	21010.0	0.0
Eptatretus stoutii	8c8fa2e6d0664f3f877f783a64beb1c6	26.51	6.5	1.783e-07	219.75	0.002	0.8	0.5945	4423.0	541.9	0.0001	0.01842	0.1	0.95	56710.0	0.0
Erpetoichthys calabaricus	c89d648572722980801c621e154ae462	17.03	6.5	6.52e-10	54.8299	0.002	0.8	0.9262	5235.0	0.2588	0.0001	0.009734	0.1	0.95	10940.0	0.0
Esox lucius	491ad1cbf0ee6578c14c4a37b2580003	10.225	6.5	1.67794e-08	274.021	0.002	0.8	0.919556	5245.54	1.32028	0.0001	0.0902788	0.1	0.95	221223.0	0.0
Etmopterus perryi	36a22def38a1931b3c9f9cb244396c01	18.57	6.5	1.5e-09	71.3251	0.002	0.8	0.729	5226.0	909.8	0.0001	0.06	0.1	0.95	26320.0	0.0
Eubosmina coregoni	dfa6a62de551465c295c3a3279b152b6	1400.0	6.5	2.252e-06	95.465	0.002	0.8	0.4882	4439.0	0.002922	0.0001	0.02296	0.1	0.95	0.03004	0.0
Eulamprus quoyii	b7368b27759d92dfd69b19ba70fe7f0e	35.01	6.5	4.896e-08	141.613	0.002	0.8	0.6989	7827.0	1965.0	0.0001	0.02282	0.1	0.95	28930.0	0.0
Eunectes murinus	a97cd0d051262be8ea1c9b162f28b25f	17.34	6.5	3.68e-10	1534.15	0.002	0.8	0.3219	7851.0	432400.0	0.0001	0.02233	0.1	0.95	22390000.0	0.0
Euphausia superba	9b5816e13fe1783d6d65f7075aba514f	452.6	6.5	3.299e-07	504.204	0.002	0.5785	0.8946	4400.0	0.01491	0.0001	0.06037	0.37	0.95	329.2	0.0
Euptilotis neoxenus	9e2e1359f85b411a7a1c34b7aa1151b5	581.422	6.5	1.497e-22	2102.95	0.002	0.8	0.97857	7315.04	1506.0	0.01	0.16631	0.1	0.95	225200.0	0.0
Falco naumanni	bc99d387d3a7b447bf1d951ef8111cc2	746.507	6.5	3.452e-29	3429.6	0.002	0.8	0.99739	7314.94	153.4	0.01	0.85966	0.1	0.95	20080.0	0.0
Flustra foliacea	fd374d545f72678ced74b5f86d54deba	17.96	6.5	4.697e-07	28.736	0.002	0.8	0.8	1831.0	2.045e-08	0.0001	0.002496	0.1	0.475	0.4716	0.0
Forpus passerinus	9dde78344c3ce809f5af4d35947c6ae0	400.724	6.5	1.791e-35	1055.65	0.002	0.8	0.94338	7319.67	679.4	0.01	0.25905	0.1	0.95	131700.0	0.0
Fratercula arctica	80c12642c3ab7cc036ee3749463ca606	320.436	6.5	2.18e-20	2489.62	0.002	0.8	0.59959	7337.98	80340.0	0.01	0.099087	0.1	0.95	10740000.0	0.0
Fulmarus glacialis	a6e247adc3755e7607c4862ae639f9c3	537.13	6.5	3.298e-139	4050.82	0.002	0.5	0.92873	7259.76	17620.0	0.05	0.35339	0.1	0.95	6990000.0	0.0
Furcifer labordi	2d8fe0c4795645592bb8c62369df1cd0	1000.0	6.5	2.5e-07	1202.02	0.002	0.8	0.8494	7839.0	183.9	0.5	0.02665	0.1	0.95	3023.0	0.0
Gallinula chloropus	8c1a4e2718730f2ad6171f96fb6c6fa3	304.958	6.5	1.051e-47	1817.95	0.002	0.8	0.85783	7317.42	10140.0	0.05	0.20168	0.1	0.95	3012000.0	0.0
Gallus gallus IR	41fa0feaab366e305d7a91b3f433abfa	43.8456	6.5	2.788e-30	1187.65	0.002	0.8	0.52575	7453.29	198100.0	0.05	0.66481	0.1	0.95	28560000.0	0.0
Gallus gallus	41fa0feaab366e305d7a91b3f433abfa	151.686	6.5	7.616e-35	1141.01	0.002	0.8	0.99118	7311.16	1001.0	0.05	0.12776	0.1	0.95	36310.0	0.0
Gallus gallus WL	41fa0feaab366e305d7a91b3f433abfa	178.143	6.5	1.163e-13	2648.63	0.002	0.8	0.41337	7319.71	62540.0	0.05	0.043404	0.1	0.95	11280000.0	0.0
Gasterosteus aculeatus	fd99ac97713444a54871ba5ae6555109	116.1	6.5	3.887e-09	194.719	0.002	0.8	0.9844	5224.0	0.1849	0.0001	0.07262	0.1	0.95	78.79	0.0
Gavialis gangeticus	6bef8e5a76defdae652840a7b3416c9b	19.83	6.5	4.661e-11	925.239	0.002	0.8	0.7407	7847.0	68130.0	0.0001	0.02841	0.1	0.95	62560000.0	0.0
Gavia immer	cfec88d8fcc43e7f03d1575d1c3f55a3	262.801	6.5	7.852e-41	3109.64	0.0016994	0.8	0.98599	7322.58	4140.0	0.05	0.31215	0.1	0.95	3183000.0	0.0
Gavia stellata	82657d3390f0a0d5bc1349a48394f8d0	386.771	6.5	1.995e-45	3292.43	0.001849	0.1382	0.97076	7292.85	6615.0	0.05	0.26374	0.79367	0.95	3329000.0	0.0
Genypterus blacodes	660b829aafcd7d46e774e3638a8d7a29	69.5	6.5	4.668e-08	1522.05	0.002	0.8	0.8	5152.0	0.4094	0.0001	0.1009	0.1	0.95	574500.0	0.0
Geocrinia vitellina	12f5c1d4ba0f3475b80be1a3f53d8269	18.9	6.5	8.325e-09	32.2314	0.002	0.8	0.6374	7322.0	45.44	0.0001	0.02236	0.1	0.95	1200.0	0.0
Gorgosaurus libratus	54cd15bf2e0366e56b694ffd4318a821	15.35	6.5	1.363e-11	939.859	0.002	0.8	0.7993	7849.0	391900.0	0.5	0.01513	0.1	0.95	149700000.0	0.0
Grus americana	9e7ec4f646ab45aa56e2c1b86e918670	100.551	6.5	1.099e-88	2042.05	0.002	0.8	0.95804	7300.21	42270.0	0.01	6.082	0.1	0.95	15770000.0	0.0
Grus antigone	6a6879cee063dbe1eb1e589ccdbf7ecb	91.9255	6.5	5.831e-63	1893.31	0.002	0.8	0.97421	7304.17	22010.0	0.01	2.4219	0.1	0.95	9433000.0	0.0
Grus canadensis	b5fb32b609572d52ede7b7748943dc51	81.8711	6.5	1.306e-67	1475.79	0.002	0.8	0.95781	7297.76	27530.0	0.01	2.5848	0.1	0.95	8990000.0	0.0
Grus japonensis	6fde6b82ab0ac42b5d8bbd69e9433010	54.3306	6.5	8.343e-72	1168.16	0.002	0.8	0.96574	7273.56	27970.0	0.01	4.8321	0.1	0.95	8280000.0	0.0
Grus leucogeranus	0ae95f5329e0e7fe075c002169e60746	117.569	6.5	2.264e-65	2156.38	0.002	0.8	0.95568	7284.76	38190.0	0.01	2.5592	0.1	0.95	14270000.0	0.0
Grus monacha	0e419445ddc878e375c38fa9d9515969	151.176	6.5	8.237e-65	2336.0	0.002	0.8	0.95862	7306.54	28250.0	0.01	3.2318	0.1	0.95	10290000.0	0.0
Grus rubicundus	91e043fbcde2082b7347fce518462e0e	95.3346	6.5	2.645e-71	1787.4	0.002	0.8	0.96198	7296.49	29250.0	0.01	3.1906	0.1	0.95	10710000.0	0.0
Grus vipio	28717f30fbb5ef2ba20f85bb587a54d5	107.904	6.5	1.483e-79	1950.95	0.002	0.8	0.95427	7304.14	39750.0	0.01	2.5266	0.1	0.95	12870000.0	0.0
Grus virgo	987b70eac098e65fbf96b62c25c06f86	223.357	6.5	3.724e-70	3089.8	0.002	0.8	0.95765	7308.55	24140.0	0.01	2.8524	0.1	0.95	11190000.0	0.0
Haematopus moquini	35a448e347c4bb7b28695e9fcb3c744b	374.29	6.5	1.729e-32	2604.32	0.002	0.8	0.9746	7318.57	4807.0	0.01	0.35944	0.1	0.95	1403000.0	0.0
Halobatrachus didactylus	179d2ac7f27322ede597a170364b80a9	18.94	6.5	2.261e-08	231.974	0.002	0.8	0.6851	5229.0	38.49	0.0001	0.01687	0.1	0.95	45270.0	0.0
Heptranchias perlo	5bbba314cd44233980889b7db2091025	26.57	6.5	5.422e-09	837.672	0.002	0.8	0.4152	5226.0	121300.0	0.0001	0.1098	0.1	0.95	8821000.0	0.0
Heterodontus portusjacksoni	ea78d30dbfede623a294ebd70f2efd83	15.21	6.5	1.978e-08	418.226	0.002	0.8	0.3895	5235.0	93450.0	0.0001	0.02166	0.1	0.95	7873000.0	0.0
Heteronotia binoei	9d3714402a1d195c7d861c0b1f840bd8	41.2	6.5	1.368e-10	110.239	0.002	0.8	0.4937	7825.0	1023.0	0.0001	0.01739	0.1	0.95	14950.0	0.0
Himantopus mexicanus	1f5847657f78653cd8be6e4f828a1c0d	388.219	6.5	2.493e-32	1966.01	0.002	0.8	0.94096	7318.54	4833.0	0.01	0.47142	0.1	0.95	1233000.0	0.0
Hiodon tergisus	9847fa5ddb60890788abf8bc9ce686a5	250.0	6.5	3.041e-08	1249.66	0.002	0.8	0.7394	5224.0	1.602	0.0001	0.07969	0.1	0.95	1039000.0	0.0
Hippocampus whitei	46216a4024c47e7b05bf40754e15647e	52.67	6.5	2.528e-08	159.704	0.002	0.8	0.5534	5169.0	112.5	0.0001	0.05608	0.1	0.95	2731.0	0.0
Hirundichthys affinis	dcc59c1ff44e5086c007ead8f39618f7	112.9	6.5	1.318e-07	636.107	0.002	0.8	0.9389	5224.0	0.9751	0.0001	0.1186	0.1	0.95	30660.0	0.0
Holocentrus adscensionis	09be05d2d25f1e7254c0380f441b7fa3	61.17	6.5	1.636e-09	538.444	0.002	0.8	0.9945	5221.0	0.0007625	0.0001	0.04622	0.1	0.95	433.0	0.0
Kryptolebias marmoratus	8c24a2a18bf61d804420086edc99c306	193.0	6.5	2.019e-08	139.591	0.002	0.8	0.8398	5222.0	0.7696	0.0001	0.01045	0.1	0.95	8.571	0.0
Lacerta agilis	7e1a059719ca73323daa52f23a19a64d	65.73	6.5	7.819e-09	155.912	0.002	0.8	0.793	7832.0	390.8	0.0001	0.02887	0.1	0.95	18970.0	0.0
Lacerta strigata	13b6f7649bd9cb39390aa38518fca717	27.96	6.5	1.339e-08	124.753	0.002	0.8	0.5686	7829.0	2383.0	0.0001	0.02265	0.1	0.95	31380.0	0.0
Lampetra planeri	7849536da20a2a4d44365ac33b8c8b98	50.15	6.5	3.345e-26	241.261	0.002	0.8	0.4413	3235.0	127.2	0.5	0.2763	0.1	0.95	24060.0	0.0
Larus argentatus	6d0b384ca6c3c1ec2eb97706da11eae8	360.355	6.5	2.471e-43	2937.92	0.002	0.8	0.98574	7329.53	3809.0	0.01	0.43436	0.1	0.95	1113000.0	0.0
Latimeria chalumnae	46ffe2e071c4d553d33e36794a179846	19.0595	6.5	2.50386e-09	716.317	0.002	0.8	0.725277	5229.38	125605.0	0.0001	0.0478276	0.1	0.95	27455400.0	0.0
Lepadogaster lepadogaster	e51f4ae6bb47355df4b30132303ea92b	48.84	6.5	5.237e-09	84.091	0.002	0.8	0.9589	5218.0	0.6346	0.0001	0.04848	0.1	0.95	360.6	0.0
Lepidochelys kempii	54e9e281f6d060b3f03a3d1295107826	20.17	6.5	1.421e-09	728.321	0.002	0.8	0.6929	7841.0	13240.0	0.0001	0.04241	0.1	0.95	36480000.0	0.0
Leptodora kindtii	d8f23f51d85cb363bede2f3632517e87	43.4573	6.5	8.23536e-06	15.264	0.002	0.8	0.985216	812.1	0.000322818	0.0001	0.103793	0.1	0.95	0.00169181	0.0
Leptosomus discolor	fb7bb155923268f8cec398b5e34a27b5	25.7113	6.5	5.666e-21	156.005	0.0019573	0.8	0.99259	7310.14	150.3	0.01	0.21971	0.1	0.95	1847.0	0.0
Leucoraja erinacea	2b6c3cc7234a53cc6229a9883c9075af	29.24	6.5	2.261e-07	349.015	0.002	0.8	0.6084	5222.0	5871.0	0.0001	0.05341	0.1	0.95	1222000.0	0.0
Limnodromus griseus	e45c6cab6f6609688ad3f1f3fcd1ff3f	193.015	6.5	5.517e-38	885.183	0.002	0.8	0.99174	7303.12	666.3	0.01	0.81672	0.1	0.95	10100.0	0.0
Limosa haemastica	33c1fb3078fbaabe8a5b2112bece7d67	217.994	6.5	1.615e-40	1397.46	0.002	0.8	0.96304	7315.84	4507.0	0.01	0.45902	0.1	0.95	863200.0	0.0
Lissotriton vulgaris	8eb8ecd651629c0276ce18bb308d38e8	83.79	6.5	5.735e-09	104.715	0.002	0.8	0.9386	7310.0	0.1505	0.0001	0.0223	0.1	0.95	186.5	0.0
Lophophanes cristatus	cd1512991114f0bcfd9c50282ed817d7	1162.18	6.5	1.428e-22	1963.4	0.002	0.8	0.95921	7317.55	212.1	0.01	0.1146	0.1	0.95	87000.0	0.0
Magellania fragilis	397256b281a713c08dd827ce925a4418	1.85423	6.5	7.68076e-10	3.614	0.002	0.8	0.811989	1831.39	0.00109668	0.0001	0.0104448	0.1	0.95	49.7539	0.0
Maiasaura peeblesorum	a8a49429384c6e0baa7d523cfa760e16	21.8	6.5	4.384e-17	2331.26	0.002	0.8	0.9959	7826.0	3763.0	0.5	0.1935	0.1	0.95	28010000.0	0.0
Mallotus villosus	6de343f6ed58029def4a6735f32b7771	20.27	6.5	6.935e-07	88.7848	0.002	0.8	0.8808	5227.0	0.02919	0.0001	0.04041	0.1	0.95	1732.0	0.0
Mamenchisaurus spec	09080b2ff70ef25106845e16faaaeba6	18.04	6.5	2.165e-15	2382.07	0.002	0.8	0.8997	7845.0	510900.0	0.5	0.02004	0.1	0.95	971200000.0	0.0
Manta birostris	a8df6db60161ecbce7691570e5ce3b33	15.21	6.5	4.881e-10	1229.47	0.002	0.8	0.9746	5237.0	424500.0	0.0001	0.1135	0.1	0.95	23570000.0	0.0
Mastacembelus erythrotaenia	9f4397e88523d3980ca643eb8822e6fc	21.44	6.5	5.88e-09	264.032	0.002	0.8	0.9996	5226.0	0.001016	0.0001	0.02089	0.1	0.95	308.4	0.0
Meganyctiphanes norvegica	5f895dc8e3d3fb0271a3c2069716b463	152.5	6.5	2.287e-06	154.44	0.002	0.3281	0.8645	4400.0	0.01678	0.0001	0.06913	0.5	0.95	39.2	0.0
Melanitta perspicillata	f9894443879efbdfd2b1b84dddc7b32a	192.839	6.5	7.616e-85	1816.13	0.002	0.8	0.91435	7335.99	20020.0	0.1	0.54793	0.1	0.95	5361000.0	0.0
Melopsittacus undulatus	f683faf1a057f5da3a1c30c0bbaf51fd	404.49	6.5	1.33e-46	1382.26	0.002	0.8	0.99377	7319.37	62.49	0.01	0.49446	0.1	0.95	13080.0	0.0
Mergus merganser	dd005d87ee7a39a731b69942401091df	417.601	6.5	7.461e-13	3797.24	0.002	0.8	0.57265	7310.38	44010.0	0.01	0.062488	0.1	0.95	21380000.0	0.0
Mergus serrator	b1285f6800c3631e6fbcb7793b07ad46	481.592	6.5	2.241e-15	4315.73	0.002	0.8	0.58665	7307.63	50340.0	0.01	0.10231	0.1	0.95	24040000.0	0.0
Mesitornis variegatus	a990bffed92b9b55d3f6cfb8572597e8	27.0498	6.5	7.507e-23	119.162	0.002	0.8	0.98568	7303.0	380.4	0.1	0.041316	0.1	0.95	1343.0	0.0
Mola mola	ad52cc37a5ce66e98b9ba0195b9d8cb7	20.43	6.5	6.114e-11	2716.43	0.002	0.8	0.7912	5226.0	1.275	0.0001	0.5959	0.1	0.95	434000000.0	0.0
Moniliformis dubius	2db31682f5ec69386b23ea4212b709b1	60.04	6.5	5.097e-07	72.8888	0.002	0.8	0.8855	1817.0	1.774	0.0001	0.03228	0.1	0.95	73.25	0.0
Motacilla flava	eca91fcd14896fe760fc1c8eef9774bf	2845.78	6.5	3.347e-22	4539.96	0.002	0.8	0.99133	7323.06	29.93	0.01	0.19597	0.1	0.95	39960.0	0.0
Myxine glutinosa	479e73c761b0b5e206c1fbcd072a884b	80.34	6.5	3.345e-08	478.869	0.002	0.8	0.76	4418.0	730.5	0.0001	0.09756	0.1	0.95	65370.0	0.0
Natrix natrix	27ec70b00734b68213ff0972f7360650	25.58	6.5	4.833e-09	291.142	0.002	0.8	0.5935	7834.0	6942.0	0.0001	0.02665	0.1	0.95	342200.0	0.0
Neoceratodus forsteri	f3f583180b1b6979f36e97c7c6a5a23c	13.04	6.5	2.107e-10	277.461	0.002	0.8	0.9987	5731.0	0.01805	0.0001	0.0173	0.1	0.95	38780.0	0.0
Notopterus notopterus	4fcb49f6bfd5870b3cfababf5e802016	18.49	6.5	1.224e-09	167.976	0.002	0.8	0.9942	5200.0	0.2648	0.0001	0.0192	0.1	0.95	1454.0	0.0
Numenius phaeopus	19bd674744e8fd0eda79a3b09a47568d	185.32	6.5	2.215e-41	1309.67	0.002	0.8	0.94961	7330.86	10280.0	0.01	0.74347	0.1	0.95	1309000.0	0.0
Octolasion cyaneum	c39d48b8d317b85403b3500a610f0be7	959.2	6.5	3.071e-09	754.502	0.002	0.8	0.9817	4218.0	0.7336	0.0001	0.031	0.1	0.95	287.6	0.0
Oikopleura dioica	a0baaf22d884c493e15b87b9e7df0393	1300.0	496.0	5.163e-10	266.5	0.001	0.8	0.2	1374.0	0.0005993	5.0	0.042	0.1	0.95	0.0005994	0.0
Oikopleura longicauda	96345fc075fb3f226692bc86808fced3	1300.0	496.0	5.163e-10	266.5	0.001	0.8	0.2	1374.0	0.0005993	5.0	0.042	0.1	0.95	0.0005994	0.0
Opisthocomus hoazin	ad3bcef887f4c268792c37f0d373faff	391.428	6.5	1.35e-31	2079.02	0.0019767	0.8	0.99654	7338.63	216.0	0.05	0.079277	0.1	0.95	2672.0	0.0
Opsanus tau	eabf208a108044b4e9b995e267e3cbed	16.97	6.5	1.718e-07	308.135	0.002	0.8	0.4961	5230.0	105.5	0.0001	0.0346	0.1	0.95	504900.0	0.0
Ornithorhynchus anatinus	3bc186304963c8d2e15564c630a7021e	222.131	6.5	1.52457e-21	1988.57	0.00218072	0.8	0.998609	7828.98	1.70301	0.1	0.121075	0.1	0.95	98083.2	0.0
Osmerus mordax	a3b21f18440ced89a25d39ddfedd990a	27.52	6.5	1.434e-06	141.289	0.002	0.8	0.9511	5212.0	0.009804	0.0001	0.0262	0.1	0.95	2106.0	0.0
Osteoglossum bicirrhosum	72895daedd532e7e22d3cefc27328304	21.0	6.5	2.227e-10	329.428	0.002	0.8	0.9868	5200.0	10.37	0.0001	0.03717	0.1	0.95	59940.0	0.0
Pangasianodon hypophthalmus	53d4229bacedae1311051e7cddd073d4	11.24	6.5	2.994e-10	524.727	0.002	0.8	0.5805	5283.0	1.263	0.0001	0.1126	0.1	0.95	6908000.0	0.0
Parus atricapillus	aed95c6ec867d5d04bbab05d19687d73	1181.52	6.5	7.877e-22	1943.08	0.002	0.5	0.99534	7338.48	12.93	0.01	0.11844	0.1	0.95	1830.0	0.0
Parus major	9a3033c7cf62b8a01f58d9a946e06126	1006.58	6.5	2.033e-38	2131.37	0.002	0.8	0.9911	7321.54	61.05	0.01	0.33432	0.1	0.95	7653.0	0.0
Passerculus sandwichensis	a40e57e0efe04426fca93156aee1edf4	900.831	6.5	5.666e-17	1840.02	0.002	0.8	0.99565	7320.24	23.79	0.01	0.12481	0.1	0.95	9727.0	0.0
Pelecanus onocrotalus	93042a2bf3d8f48f27fe9b410ac0d62a	138.022	6.5	1.582e-32	2708.16	0.00073263	0.8	0.99787	7281.94	1115.0	0.01	0.86385	0.1	0.95	2145000.0	0.0
Percopsis omiscomaycus	9fb8728f4e0fc8a9cf1ddbfc6fd232d5	16.12	6.5	4.676e-06	81.9435	0.002	0.8	0.7619	5233.0	3.86	0.0001	0.03765	0.1	0.95	2229.0	0.0
Periparus ater	a1536cbd36af848c4cfb9234fad2e1e0	1237.03	6.5	1.126e-22	2178.19	0.002	0.8	0.96171	7317.94	162.1	0.01	0.20111	0.1	0.95	105800.0	0.0
Phaethon lepturus	9c0e9cb143508bda222bd0adec5383db	1244.45	6.5	2.47e-57	4824.41	0.002	0.8	0.99671	7323.79	338.0	0.05	0.11395	0.1	0.95	44670.0	0.0
Phaethon rubricauda	a2644bbf86d31681747084a3cf98311e	966.924	6.5	3.02e-42	4830.7	0.002	0.8	0.99855	7292.74	176.4	0.05	0.10644	0.1	0.95	16760.0	0.0
Phalacrocorax auritus	be5b3b833451887bf9e598f98a2f8292	425.488	6.5	2.608e-22	4170.21	3.4331e-07	0.8	0.99902	7320.1	132.2	0.01	0.45872	0.1	0.95	347100.0	0.0
Philomachus pugnax	7b48212a290510deccad5344b1d61986	698.622	6.5	1.736e-22	2389.23	0.002	0.8	0.96432	7318.86	1517.0	0.01	0.1728	0.1	0.95	400700.0	0.0
Phoeniconaias minor	8b96caa363071f1641f8a492c77d2cb8	27.2382	6.5	6.895e-36	305.554	0.002	0.8	0.94305	7305.57	29640.0	0.05	0.10654	0.1	0.95	812900.0	0.0
Phoronis pallida	3d20b39a5cdcd6ae450a423e58efe977	0.5293	6.5	1.736e-10	0.24406	0.002	0.8	1.0	1828.0	5.272e-16	0.0001	0.001	0.1	0.475	5.43e-07	0.0
Phylloscopus trochilus	9f7d79f2f0a042ef0e8368239dfb1cb3	1003.0	6.5	2.499e-31	1766.54	0.002	0.8	0.99588	7312.72	23.57	0.01	0.27457	0.1	0.95	207.4	0.0
Pica pica	c9dc4e5a0433e0c9f2b65212feba9bef	706.577	6.5	9.5626e-110	3160.93	0.002	0.8	0.993678	7322.01	204.815	0.05	0.387172	0.1	0.95	123648.0	0.0
Pinguinus impennis	caf3fab41ba54462fe586a8bcdcdb54b	415.709	6.5	1.081e-15	4506.51	0.002	0.8	0.59712	7297.95	228800.0	0.01	0.038655	0.1	0.95	37660000.0	0.0
Plateosaurus engelhardti	ae30514b08e4a9102ed0953d4e849809	17.12	6.5	5.408e-11	1125.08	0.002	0.8	0.8952	7846.0	94230.0	0.5	0.01804	0.1	0.95	131300000.0	0.0
Pleuroxus aduncus	4ab9e9fd2808c0e605b8e794b9199627	1682.0	6.5	3.118e-05	45.8591	0.002	0.8	0.7882	4445.0	0.002505	0.0001	0.0218	0.1	0.95	0.01805	0.0
Pleuroxus striatus	6e3bb1d0143dc61387f45820d1f76cee	1491.9	6.5	2.585e-05	53.7936	0.002	0.8	0.8126	4400.0	0.00301	0.0001	0.02666	0.1	0.95	0.03512	0.0
Pluvialis dominica	aa24423d09987a0d571d2e28180b1960	210.419	6.5	5.879e-38	1014.04	0.002	0.8	0.99082	7298.88	1100.0	0.01	0.85783	0.1	0.95	10100.0	0.0
Podargus strigoides	77210dd21b917f4baf425d753ad78f02	2385.74	6.5	2.449e-58	7572.85	0.0019658	0.8	0.99782	7313.1	68.74	0.05	0.085668	0.1	0.95	8778.0	0.0
Podilymbus podiceps	efd1147e3604cc229f2e7dcafb95ca0b	897.012	6.5	2.166e-31	3233.63	0.0023327	0.8	0.98641	7344.64	680.4	0.1	0.057682	0.1	0.95	61660.0	0.0
Poecilia reticulata	1a2112979142994cc7c0ac7710256715	69.11	6.5	5.883e-08	89.9569	0.002	0.8	0.546	5217.0	4.371	0.1	0.009637	0.1	0.95	82.4	0.0
Pomatoschistus minutus	04913a0b4d8937a43ce71ec46207ba90	128.7	6.5	8.868e-06	167.547	0.002	0.8	0.9548	5181.0	0.004883	0.0001	0.01346	0.1	0.95	56.79	0.0
Porcellio scaber	f7f2e3aa63418de280d2441a2f50a353	59.85	6.5	6.742e-09	31.0965	0.002	0.8	0.8634	4286.0	0.314	0.0001	0.08356	0.1	0.95	87.61	0.0
Pristiophorus cirratus	791c66b1d7d17796ec389eefcf0e7cdb	20.53	6.5	2.675e-08	804.088	0.002	0.8	0.8446	5213.0	439600.0	0.0001	0.1329	0.1	0.95	2604000.0	0.0
Pristis pectinata	24e3e2c1f2781f1f13e93e672b190cd1	18.82	6.5	4.779e-09	800.827	0.002	0.8	0.9875	5230.0	882.1	0.0001	0.0502	0.1	0.95	555100.0	0.0
Pseudemydura umbrina	02201b34a72c0285ab6719ce051efc2f	360.4	6.5	4.352e-12	1745.66	0.002	0.8	0.87	8323.0	800.0	0.0001	0.038	0.1	0.95	820000.0	0.0
Pseudophryne bibronii	30e9b7c92c5bc6dc80518b2c9ec2d126	490.7	6.5	4.023e-07	566.956	0.002	0.8	0.6924	7397.0	9.2	0.0001	0.03997	0.1	0.95	32103.0	0.0
Psittacosaurus mongoliensis	53bc6644c4a20fc8606d32a8104206c0	8.884	6.5	1.177e-14	180.348	0.002	0.8	0.9857	7857.0	193.7	0.5	0.01191	0.1	0.95	373700.0	0.0
Pterocles alchata	470ed15824f0e16f12532abcfa8feb54	589.555	6.5	5.246e-14	1769.74	0.002	0.8	0.99273	7321.68	250.3	0.01	0.025733	0.1	0.95	4006.0	0.0
Pterodaustro guinazui	7241febd761e916d77b5d64f223534f0	30.13	6.5	1.145e-13	390.677	0.002	0.8	0.9756	7859.0	1723.0	0.5	0.03409	0.1	0.95	431900.0	0.0
Ptychoramphus aleuticus	1b8b9f4a86353758c7ff85c17a850ab4	504.664	6.5	6.668e-19	2188.2	0.002	0.8	0.95755	7345.87	4329.0	0.01	0.19806	0.1	0.95	764800.0	0.0
Pygoscelis adeliae	1b57a7bf98db087e0a1a8d9757cbf688	147.272	6.5	8.257e-33	2459.23	0.002	0.8	0.98812	7311.26	7255.0	0.01	2.6478	0.1	0.95	3651000.0	0.0
Pygosteus pungitius	43d5e58d4d2708e8963ec274963f607d	18.74	6.5	8.666e-09	31.8777	0.002	0.8	0.95	5200.0	0.7561	0.0001	0.1305	0.1	0.95	178.6	0.0
Python regius	6d0035229236a4c7583a934a4b310b15	46.94	6.5	4.977e-11	572.792	0.001961	0.8	0.908	7500.0	22900.0	0.0001	0.04579	0.1	0.95	313300.0	0.0
Raja brachyura	4c64156100172c31e083a69c131aeaf5	20.9	6.5	3.948e-07	394.969	0.002	0.8	0.7895	5229.0	9795.0	0.0001	0.06448	0.1	0.95	856600.0	0.0
Raja clavata	df126769d6b960693f75babb405ef2ae	28.22	6.5	1.999e-08	821.213	0.002	0.8	0.4213	5225.0	12730.0	0.0001	0.04402	0.1	0.95	10700000.0	0.0
Ramphastos toco	5cf6207f05c77e03bcbcd85733db072f	277.978	6.5	4.027e-20	1961.45	0.0016938	0.8	0.9873	7312.68	933.1	0.01	0.27311	0.1	0.95	611700.0	0.0
Regulus ignicapillus	8480c26fe2dde898a777686976e2e1e4	268.298	6.5	1.524e-30	418.763	0.002	0.8	0.8197	7321.81	638.1	0.01	0.024577	0.1	0.95	59400.0	0.0
Regulus regulus	39de64eea659b04cfd67c5d4ff5633f4	209.556	6.5	5.943e-28	358.162	0.002	0.8	0.84545	7301.86	377.0	0.01	0.039814	0.1	0.95	55510.0	0.0
Remiz pendulinus	3970051da664fb71a70190918d8739e8	1089.0	6.5	3.068e-21	1864.1	0.002	0.8	0.98764	7325.3	58.73	0.01	0.24095	0.1	0.95	15170.0	0.0
Rhea americana	3e67545191136cb33aaaecdd6c3e145a	40.3114	6.5	2.232e-16	987.32	0.002	0.8	0.98577	7328.79	27240.0	0.05	0.20945	0.1	0.95	866200.0	0.0
Rhincodon typus	b757ec97469df0ee764547b0911c66e6	17.11	6.5	1.44e-09	1702.25	0.002	0.8	0.9189	5230.0	13500.0	0.0001	0.01546	0.1	0.95	84050000.0	0.0
Rhinobatos productus	8691a825ec34f8adcda1539f3d0babc0	15.57	6.5	1.845e-08	264.93	0.002	0.8	0.8316	5235.0	15210.0	0.0001	0.06632	0.1	0.95	1169000.0	0.0
Rhizoprionodon acutus	928edb337ff91cfb7708159a9b090050	17.6471	6.5	5.63492e-09	169.412	0.0019936	0.8	0.850224	5230.58	11665.4	0.0001	0.00903634	0.1	0.95	135512.0	0.0
Rhynchotus rufescens	f4c7658ba36fc777a545f8cdc47d11f9	80.4465	6.5	2.317e-20	620.328	0.002	0.8	0.96831	7307.87	6014.0	0.05	0.10987	0.1	0.95	11050.0	0.0
Rhynochetos jubatus	7a9792a8c9f4eb22d6d286d64456516c	502.985	6.5	5.952e-33	2994.18	0.002	0.8	0.94241	7333.78	12200.0	0.05	0.097114	0.1	0.95	2576000.0	0.0
Rissa brevirostris	0edad350886dbea9b1dca16ecfb65c37	239.96	6.5	5.906e-42	1725.41	0.002	0.8	0.97588	7317.0	4880.0	0.01	0.67954	0.1	0.95	929200.0	0.0
Rissa tridactyla	bab5d031b01e7f12e85e1bdcf9726828	245.637	6.5	8.399e-42	1844.35	0.002	0.8	0.9815	7315.62	3559.0	0.01	0.67366	0.1	0.95	834600.0	0.0
Sayornis phoebe	a15591a5779bfc04754d9082dbfc27dd	1125.26	6.5	1.8e-20	2662.72	0.002	0.8	0.79178	7373.57	1477.0	0.01	0.16807	0.1	0.95	946500.0	0.0
Scapholeberis mucronata	986bcd982c77ba4c25548ad2906f3f49	1400.0	6.5	1.174e-05	67.3392	0.002	0.8	0.905	4414.0	0.0005973	0.0001	0.0365	0.1	0.95	0.004884	0.0
Sceloporus undulatus	9152ab6db407dca4866fc5bb234b62a6	100.0	6.5	4.022e-09	325.424	0.002	0.8	0.59	7725.0	1424.0	0.0001	0.027	0.1	0.95	36490.0	0.0
Scyliorhinus canicula	384ae8eb01a30b7118797dd65f7e4915	58.37	6.5	4.745e-08	419.866	0.002	0.8	0.88	5149.0	213.9	0.0001	0.02159	0.1	0.95	24730.0	0.0
Silurus glanis	6c2ea465078c17cbe89597943b9e7ea0	17.23	6.5	1.339e-10	539.353	0.002	0.8	0.8587	5200.0	0.1609	0.0001	0.02316	0.1	0.95	933900.0	0.0
Simocephalus serrulatus	c80b9c7571c8f66720bdd1978b6df130	1800.0	6.5	8.658e-05	114.853	0.002	0.8	0.935	4425.0	0.001233	0.0001	0.04701	0.1	0.95	0.04053	0.0
Somateria mollissima	e999b4ec3f0ee05bcd43a62b67baaf64	605.067	6.5	1.328e-84	4212.46	0.002	0.8	0.91678	7319.09	17620.0	0.1	0.10454	0.1	0.95	6682000.0	0.0
Somniosus microcephalus	31935504b8da5b895f90bcf5c73f221c	15.3	6.5	2.235e-09	684.857	0.002	0.8	0.798	5231.0	171400.0	0.0001	0.004937	0.1	0.95	5688000.0	0.0
Sphenodon punctatus	25b1757fa601bfa9d01e3e9460c93b06	18.02	6.5	1.487e-09	93.4614	0.002	0.8	0.7934	7845.0	2211.0	0.0001	0.00753	0.1	0.95	20420.0	0.0
Sphyrna lewini	350243ccc762d3c4ac03d1b35bd6ff9d	28.49	6.5	1.493e-09	2444.58	0.002	0.8	0.3635	5181.0	3692000.0	0.0001	0.1769	0.1	0.95	274300000.0	0.0
Squalus acanthias	e27b689ea5bd2d30bc3f0e7699a5ceb2	28.0	6.5	1.168e-09	637.144	0.002	0.8	0.6526	5223.0	101400.0	0.0001	0.05303	0.1	0.95	1924000.0	0.0
Squatina californica	68e9753aed082e09ac4d4b4c348e920b	24.23	6.5	7.541e-09	527.166	0.002	0.8	0.9381	5224.0	6366.0	0.0001	0.05442	0.1	0.95	1751000.0	0.0
Stercorarius longicaudus	aa6cf7dcd5ab4cebc01f040ec020da31	600.505	6.5	1.487e-46	3620.45	0.002	0.8	0.97837	7305.82	3886.0	0.01	1.7812	0.1	0.95	1281000.0	0.0
Stercorarius maccormicki	15e1f2d9818ba3046dff1e228d1587b6	332.281	6.5	8.452e-45	3392.41	0.002	0.8	0.98589	7372.09	5515.0	0.01	1.6932	0.1	0.95	2246000.0	0.0
Stercorarius skua	0a044c4812738721275215f803d29c25	373.365	6.5	6.886e-47	3818.65	0.002	0.8	0.98603	7318.65	6798.0	0.01	1.934	0.1	0.95	2494000.0	0.0
Sterna paradisaea	b20a894252b52f4c191ef168d1a7aaad	1676.4	6.5	6.12e-65	5595.97	0.002	0.8	0.98967	7327.02	676.5	0.01	0.44987	0.1	0.95	269100.0	0.0
Struthio camelus	26bf9d7919fc7dfe27d77f02f459b60f	37.2805	6.5	1.763e-26	1657.12	0.002	0.8	0.92241	7308.53	290000.0	0.05	0.28713	0.1	0.95	99180000.0	0.0
Sula bassana	4dc3e535a6a6253e4adceb72157431fe	662.922	6.5	3.877e-61	6221.88	0.002	0.5	0.99486	7321.66	1122.0	0.05	0.25516	0.1	0.95	1258000.0	0.0
Sula nebouxii	ea3be33231335317a364427a5bcc38f3	538.76	6.5	2.201e-39	4366.88	0.002	0.5	0.96492	7321.01	6407.0	0.05	0.27124	0.1	0.95	4495000.0	0.0
Sylvia atricapilla	4134d00c993b71067bfeb807a0d09c4b	1038.0	6.5	2.012e-28	1980.7	0.002	0.8	0.9944	7324.45	70.55	0.01	0.21414	0.1	0.95	71.53	0.0
Tachyglossus aculeatus	db1edc1588907fc51323d4829f25036a	143.799	6.5	2.41827e-12	1354.74	0.002	0.8	0.999267	7840.8	0.455724	0.01	0.0500454	0.1	0.95	42707.4	0.0
Tauraco erythrolophus	4044ed76e392318b4727c7de43ddb7a5	26.2023	6.5	7.484e-25	162.631	0.0016335	0.8	0.98079	7312.02	1708.0	0.05	0.07075	0.1	0.95	4233.0	0.0
Tetrastes bonasia	48797b9cd84c84166eca6c1bc4a3b01f	591.074	6.5	3.201e-11	2167.86	0.002	0.8	0.99562	7327.19	78.47	0.01	0.034148	0.1	0.95	1521.0	0.0
Thalassarche melanophrys	9fad68b95fb3aebcce48f0d9fae66787	171.939	6.5	1.039e-26	2170.25	0.002	0.8	0.98713	7309.89	11860.0	0.01	0.46177	0.1	0.95	1887000.0	0.0
Tichodroma muraria	1c8d1f126dda2f5330c60f85fcfb30c4	235.851	6.5	3.329e-30	462.291	0.002	0.8	0.93781	7336.26	531.7	0.01	0.031974	0.1	0.95	47170.0	0.0
Tiliqua rugosa	03bd821efb1cfb6c36d9b5037df77a69	59.37	6.5	4.679e-10	477.483	0.002	0.85	0.9083	7795.0	51660.0	0.0001	0.06563	0.1	0.95	209400.0	0.0
Todiramphus cinnamominus	1c50b024147aadb63f1f128e5afa7e79	414.566	6.5	8.281e-18	1352.85	0.0019646	0.8	0.99118	7317.21	288.0	0.01	0.24083	0.1	0.95	10520.0	0.0
Torpedo marmorata	e4e52fc8719b66d823e7a9d0aba0f384	17.43	6.5	6.503e-08	432.44	0.002	0.8	0.9609	5231.0	379.6	0.0001	0.01667	0.1	0.95	44380.0	0.0
Toxostoma recurvirostre	004ebe47b553114eda7f8ccc707f1348	3685.29	6.5	6.418e-14	6139.32	0.002	0.8	0.99808	7349.36	13.83	0.01	0.12334	0.1	0.95	956.3	0.0
Tringa flavipes	dfc3b9462212b04edcb721a3db10791e	843.936	6.5	5.944e-38	2831.82	0.002	0.8	0.99729	7317.1	159.2	0.01	0.3912	0.1	0.95	8400.0	0.0
Triops longicaudatus	cd00dfd705355d80c95c024877f73428	3382.0	6.5	2.861e-05	1450.84	0.002	0.8	0.99	4468.0	0.0002785	0.1	0.06028	0.1	0.95	1.81	0.0
Troglodytes aedon	844d88011fccf9fc3ebd08155e87483b	1064.3	6.5	1.491e-20	1239.13	0.002	0.8	0.89558	7327.98	1608.0	0.01	0.025246	0.1	0.95	47580.0	0.0
Trygonoptera personata	739fdc4060e8c6a65d8025878bac5d8b	25.4	6.5	1.297e-08	286.647	0.002	0.8	0.8675	5235.0	36970.0	0.0001	0.1612	0.1	0.95	422300.0	0.0
Turdus merula	8539f68b2f729827c29dc81a2b30763a	1669.88	6.5	5.606e-34	4939.19	0.002	0.8	0.98096	7313.83	199.6	0.01	0.26751	0.1	0.95	353800.0	0.0
Tyrannosaurus rex	5b355e6aa28cdfd9bed3c5ed8f4a828d	15.01	6.5	6.191e-11	1268.52	0.002	0.8	0.9252	7847.0	112300.0	0.5	0.01179	0.1	0.95	147300000.0	0.0
Tyrannus tyrannus	e2f3ff2fc877b9322dbd4fbe6a87f5f7	795.342	6.5	1.054e-30	2290.14	0.002	0.8	0.94265	7409.43	1025.0	0.01	0.36989	0.1	0.95	468300.0	0.0
Tyto alba	209f39fc2e9248df2eb3ca89e0efbfa1	615.887	6.5	5.483e-18	3199.42	0.002	0.8	0.83487	7319.11	10090.0	0.01	0.16211	0.1	0.95	4601000.0	0.0
Uria aalge	1f21d6d69cb8c09be9a27485d68bc4d1	411.469	6.5	6.677e-18	3385.85	0.002	0.8	0.60458	7394.27	91820.0	0.01	0.06989	0.1	0.95	16460000.0	0.0
Uria lomvia	4a4b216694d920384c31bd8854e0f1d8	308.224	6.5	3.255e-14	2377.63	0.002	0.8	0.6027	7310.15	86800.0	0.01	0.041946	0.1	0.95	10110000.0	0.0
Urocolius macrourus	e563e083718e4eb3a35fbcbde6fcaadd	369.124	6.5	3.902e-27	1341.26	0.002	0.8	0.91732	7313.48	1329.0	0.01	0.45389	0.1	0.95	550700.0	0.0
Vanellus armatus	6034cc9bf59a797ca53b2e50c0241a25	688.357	6.5	3.2e-14	1919.21	0.002	0.8	0.99121	7322.63	243.2	0.01	0.044039	0.1	0.95	11860.0	0.0
Vanellus coronatus	6b2bf7e07f766050de717c4a411774c2	519.563	6.5	7.13e-15	1839.8	0.002	0.8	0.86779	7321.93	5670.0	0.01	0.054778	0.1	0.95	1101000.0	0.0
Varanus komodoensis	9734ef854130b3011fb9ec9be37afed1	21.2196	6.5	9.17186e-11	725.187	0.002	0.8	0.975593	7840.35	6957.13	0.0001	0.0784273	0.1	0.95	1735770.0	0.0
Vipera berus	ced985dbbced31f2f74e641a992cb299	44.57	6.5	2.855e-09	355.587	0.002	0.8	0.5129	7829.0	17240.0	0.0001	0.02759	0.1	0.95	366000.0	0.0
Vultur gryphus	e012d92f1ab45b81706d72e36c5512e0	17.3661	6.5	1.05e-16	383.642	0.002	0.8	0.90948	7283.04	107800.0	0.01	0.1198	0.1	0.95	6835000.0	0.0
Zeus faber	bf90fcde968c06d7a7f8cfca8d697a6f	17.6659	6.5	1.69565e-08	258.443	0.002	0.8	0.884765	5230.42	0.224495	0.0001	0.0201762	0.1	0.95	91064.2	0.0
